bare_soil,dry_vegetation,pc_missing,green_vegetation,water,wetness,date,ard_product,nwi_id,norm_pv,norm_npv,norm_bs
0.06307490481915641,0.8263312168119425,0.7111247784088853,0.0038007213706041476,0.003926209798617373,0.10526249874762048,1987-05-21T00:57:43Z,ls5,qg0651yd85t0,0.0037905279601595458,0.8241150235068246,0.06290573998677786
0.17251567504088944,0.6850701186024072,0.023423537498643343,0.013618883029464438,0.009176266182106466,0.11803190021319908,1987-05-28T01:03:41Z,ls5,qg0651yd85t0,0.013643693851977418,0.6863181763972217,0.17282996335549541
0.19218634707399262,0.7170169786777628,0.048811548062660526,0.015801637772993867,0.00624339147566922,0.06639712762153979,1987-07-15T01:04:42Z,ls5,qg0651yd85t0,0.01584185942823371,0.7188420812482558,0.19267554022630154
0.11826519916142557,0.8656250727929187,0.7514995839513766,0.0034861256696948517,0.0006260191008618681,0.010460342417889588,1987-09-10T01:00:29Z,ls5,qg0651yd85t0,0.0034915531994856356,0.8669727596852975,0.11844932559646536
0.19676617240728667,0.76863388999008,0.031730038710611086,0.01179383088071828,0.0037643920273352774,0.015479777835483925,1987-09-17T01:06:26Z,ls5,qg0651yd85t0,0.011836820180193997,0.7714356117392014,0.19748339821778532
0.0,0.08555555555555555,0.9999511595094244,0.19000000000000003,0.0,0.7037037037037037,1987-09-26T01:00:27Z,ls5,qg0651yd85t0,0.20430107526881724,0.09199522102747909,0.0
0.14462161801154666,0.8418916131138783,0.7562353026301509,0.0072419448196025474,0.00014841419433354606,0.0008236987785511807,1987-10-12T01:01:10Z,ls5,qg0651yd85t0,0.007280369457411227,0.8463585596474257,0.14538895792227852
0.2100589988652673,0.7573927749917205,0.0004829781845808734,0.018516667179437996,0.0011401621201948047,0.00576234315984168,1987-10-19T01:07:04Z,ls5,qg0651yd85t0,0.018650552108070855,0.7628691102654579,0.21157783234643482
0.20402547671005,0.7693495412626968,0.006108679136065942,0.009981963552179209,0.001567041531150638,0.00870517960916783,1987-11-04T01:07:22Z,ls5,qg0651yd85t0,0.010046632912328799,0.7743338654695288,0.2053472804778241
0.0687735893160462,0.810475915912172,0.7678412503165587,0.004069517383241652,0.0129030247307974,0.10510199311215347,1987-11-13T01:01:23Z,ls5,qg0651yd85t0,0.004063417428969852,0.8092610627588676,0.06867050196921166
0.18994267573532073,0.7653309033681848,0.0,0.013934336673781708,0.011318331464129373,0.014469447559784378,1987-11-20T01:07:42Z,ls5,qg0651yd85t0,0.014006283747596614,0.7692825316578231,0.19092340557066648
0.11568857235865311,0.8554632430586983,0.7721699649072031,0.006087702165162089,0.0028900586745428704,0.015585673566284767,1987-11-29T01:02:04Z,ls5,qg0651yd85t0,0.006114393966361607,0.8592140597375904,0.11619581405522039
0.17358817907998353,0.7935539061170985,0.2769219637495025,0.0103464571262746,0.004950817047421773,0.011169983889205768,1987-12-06T01:07:56Z,ls5,qg0651yd85t0,0.01041410053395297,0.798742028943213,0.1747230695862066
0.08514168850366192,0.9060110528791239,0.7846242900039796,0.0041888396156688846,3.359537727608681e-05,0.0004199422159510851,1987-12-15T01:01:53Z,ls5,qg0651yd85t0,0.0042065356249169706,0.909838552005766,0.08550137477608986
0.024300347461534446,0.9599415352000877,0.6194367063420281,0.007091019711668718,2.8519414591483153e-05,0.00022815531673186522,1987-12-22T01:08:11Z,ls5,qg0651yd85t0,0.007151179597809766,0.9680856351755353,0.02450651049533171
0.05834721994423487,0.9196514679350499,0.7794218733041496,0.0021503198294243074,0.002788256519599803,0.018984746596686895,1987-12-31T01:02:34Z,ls5,qg0651yd85t0,0.0021461031868966387,0.9178480889970592,0.058232804699757515
0.2420335798130658,0.7252110385648713,0.1846405701675048,0.01439829882395224,0.0009450978043115095,0.009335613991884583,1988-01-23T01:08:45Z,ls5,qg0651yd85t0,0.01451675941798386,0.7311776413890723,0.24402488739674777
0.1696386346369523,0.7167904742954309,0.0,0.01142664881878369,0.023152201439890017,0.07548388263811005,1988-02-08T01:09:03Z,ls5,qg0651yd85t0,0.011471295735699678,0.7195911628664695,0.17030145731983087
0.1942049728032788,0.7737723142102413,0.004316052241235879,0.012784493690433366,1.8167482386625826e-06,0.013767318152585051,1988-02-24T01:09:16Z,ls5,qg0651yd85t0,0.012855784677010136,0.778087150057602,0.1952879303645642
0.14595872073212285,0.838947451686706,0.8513584892008248,0.006362751302146717,0.00013386555030910774,0.001642895390157231,1988-03-04T01:03:10Z,ls5,qg0651yd85t0,0.0064073896216956154,0.8448331452577387,0.14698270418009932
,,1.0,,,,1988-03-11T01:09:25Z,ls5,qg0651yd85t0,,,
0.10683457436856876,0.8837806548175866,0.7582847943272675,0.003519700654817587,0.0,0.0010701590271281571,1988-03-20T01:03:19Z,ls5,qg0651yd85t0,0.0035366768733812344,0.8880433052614449,0.10734985883804563
0.20014371907984566,0.7675388658083647,0.01423248073513983,0.010817631644621916,0.005499566934335501,0.008885186218235735,1988-03-27T01:09:33Z,ls5,qg0651yd85t0,0.010896290571603401,0.773119919553256,0.20159903672256935
0.14942902333479402,0.8445617879053463,0.7358127419413191,0.0014626698071866784,0.0,0.0,1988-04-05T01:03:50Z,ls5,qg0651yd85t0,0.0014693502358822314,0.8484191416124981,0.1501115081516197
0.22731115160349852,0.7602267674927115,0.007271806374588463,0.004028607871720117,0.0006559766763848397,0.0020153061224489795,1988-04-12T01:09:38Z,ls5,qg0651yd85t0,0.0040520189130376855,0.7646445963882534,0.22863210189987504
0.0,0.3556521739130434,0.9999167902753157,0.09217391304347826,0.0,0.5434782608695652,1988-04-21T01:03:30Z,ls5,qg0651yd85t0,0.09396369776276912,0.3625580413676657,0.0
0.2470443456241122,0.6991507627694397,0.9414239716363373,0.007537520844913842,0.009974677289852386,0.03220925205361003,1988-05-07T01:03:40Z,ls5,qg0651yd85t0,0.007569793018334476,0.702144202539293,0.24810207509891002
0.10266594124047879,0.8891682885123581,0.7090825223400021,0.002429286491528059,6.21793875330328e-06,0.005235504430281362,1988-05-23T01:04:12Z,ls5,qg0651yd85t0,0.0024304953432392616,0.889610752837115,0.10271702945061109
0.1251493271098896,0.7317203715111595,0.38922614956043555,0.007793915557029809,0.03583317537790835,0.09607046391508316,1988-05-30T01:10:01Z,ls5,qg0651yd85t0,0.00782485769005873,0.7346253284496329,0.125646174567317
0.07177432883299885,0.8795574429484752,0.7088546000506494,0.0034583196128014125,0.01613534553994694,0.02813899882572957,1988-06-08T01:04:17Z,ls5,qg0651yd85t0,0.0034617082949730815,0.8804192894402931,0.0718446578990573
0.18728871353073187,0.777496163034822,0.0005426721175065818,0.013770795627307604,0.005109317309780642,0.013668283501049736,1988-06-15T01:10:07Z,ls5,qg0651yd85t0,0.013808323336260217,0.7796149694210185,0.187799106431891
0.07621081650353116,0.9040635608970388,0.7080062226402808,0.002274996902490398,0.001356709205798538,0.018535497460042127,1988-06-24T01:03:58Z,ls5,qg0651yd85t0,0.0022693436607432653,0.9018170128428723,0.07602143683054383
0.4526051724542194,0.5340860043611808,0.6142596143410152,0.005114914769396703,7.972050927337101e-05,0.0004923913808061151,1988-07-01T01:10:12Z,ls5,qg0651yd85t0,0.005154221686289498,0.5381903296790992,0.4560833367445318
0.12728849840255593,0.8679463897763575,0.716906045367389,0.0018362939297124597,7.028753993610223e-05,0.001961661341853035,1988-07-10T01:04:26Z,ls5,qg0651yd85t0,0.0018379456825136642,0.8687271105843999,0.12740299485129739
0.22938019281796607,0.748446024974734,0.04422054194855474,0.011035194767342828,0.0005923834253767218,0.005825419116004951,1988-07-17T01:10:14Z,ls5,qg0651yd85t0,0.011087876346529586,0.7520190764127028,0.23047524469938593
0.13854844941915542,0.856900583337488,0.7097500090445352,0.0025641920526499476,0.0,0.00032407638231041533,1988-07-26T01:04:05Z,ls5,qg0651yd85t0,0.0025684640191574607,0.8583281872443416,0.13877927235419057
0.21268221606244078,0.7689806696330873,0.008067725480264798,0.008222317455686048,0.0017561455977824787,0.00471952731782041,1988-08-02T01:10:16Z,ls5,qg0651yd85t0,0.008252545235780104,0.7718076802299811,0.2134641016186359
0.1556882480787178,0.8395814204022322,0.7111917079700445,0.0018148679372913526,6.263348762049117e-06,6.889683638254029e-05,1988-08-27T01:04:33Z,ls5,qg0651yd85t0,0.0018200377853618197,0.8419730590978525,0.15613174293164106
0.23139111567846415,0.7517638940907104,0.019552476393762896,0.009451874592951067,0.00037084118219002935,0.0016364981522515225,1988-09-03T01:10:20Z,ls5,qg0651yd85t0,0.009503159429886736,0.7558428826916932,0.23264661854397856
0.14966590632342602,0.8427246299758174,0.7890561122969502,0.0028463134786560792,4.287649853362375e-05,0.0011748160598212907,1988-09-12T01:04:32Z,ls5,qg0651yd85t0,0.0028564532598936566,0.8457267741372215,0.15019908004452995
0.22892824551074484,0.7472083272004713,0.016822835642704703,0.012380501177509565,5.151604356785399e-05,0.005806594053576686,1988-09-19T01:10:16Z,ls5,qg0651yd85t0,0.012450948156247381,0.7514600588859893,0.2302308828606187
0.16460831736180828,0.821885248395242,0.8810788321696031,0.00360895622281038,0.0013081439566791397,0.0029661403668887467,1988-09-28T01:04:24Z,ls5,qg0651yd85t0,0.003629452948586544,0.826553067985116,0.16554319474272966
0.2541753732684119,0.7253193668361573,0.19457327882493403,0.01125440196201736,8.983595953788382e-05,0.0014710638374328476,1988-10-05T01:10:11Z,ls5,qg0651yd85t0,0.011341755941207378,0.7309491224722678,0.25614822178955393
0.1713008545014436,0.8169377934614598,0.8759487717521074,0.004346291813701187,0.0,0.0,1988-10-14T01:04:19Z,ls5,qg0651yd85t0,0.0043787605871588,0.8230406897422031,0.17258054967063807
0.24765737681946692,0.7322585481118624,0.05762635215802614,0.010040002840892731,0.00017659603465121324,0.002265036096613387,1988-10-21T01:10:05Z,ls5,qg0651yd85t0,0.010117105788635544,0.7378819820355401,0.24955928004455957
0.13560977740885563,0.8580143734026517,0.9171900437755508,0.0010207737172065793,0.0,0.0,1988-10-30T01:04:20Z,ls5,qg0651yd85t0,0.001026269467659774,0.862633842734581,0.13633988779775932
0.22157378971618438,0.7571614091791731,0.00043956441518033795,0.010608096247219844,5.791048125419625e-05,0.0029588636515815894,1988-11-06T01:10:09Z,ls5,qg0651yd85t0,0.010690014344655207,0.763008379327817,0.2232848321946922
0.12574637105995987,0.8671485746572856,0.7310770232625448,0.0032489607576715587,0.0,1.3452975125448993e-05,1988-11-15T01:03:57Z,ls5,qg0651yd85t0,0.0032614936741221837,0.8704936137165592,0.1262314396341932
0.1681150044988825,0.547425006530636,0.0028436018957346265,0.009782656807825151,0.2324833831596668,0.038347531419615125,1988-12-08T01:09:59Z,ls5,qg0651yd85t0,0.009834534661401589,0.5503280250961201,0.16900652566319635
0.00018063037808058893,0.9042115398678792,0.8515864114901777,0.08493588962289447,0.0,0.0,1988-12-17T01:04:06Z,ls5,qg0651yd85t0,0.08585209807366993,0.9139653230777078,0.00018257884862229966
0.0804565839544611,0.9095354278705537,0.712410911327376,0.003132056483316036,0.0001949869484542567,0.005623171997358242,1989-01-02T01:03:41Z,ls5,qg0651yd85t0,0.0031353924250097846,0.9105041706668403,0.0805422779623374
0.05946934184861259,0.8473278330082424,0.7700083209724684,0.0036501919083873394,0.04949506071855534,0.04066255584219468,1989-01-18T01:03:25Z,ls5,qg0651yd85t0,0.0036477663917437,0.8467647919919994,0.05942982505550682
0.17892018719890876,0.7672283960555805,7.054737527589783e-05,0.013931357988063987,0.0001302504970322786,0.03584421316941067,1989-01-25T01:09:29Z,ls5,qg0651yd85t0,0.013988611030573741,0.7703814382795829,0.17965548702340028
0.06359844952388202,0.9116966421153467,0.7148637892985059,0.003229228124266473,5.709609272405459e-05,0.020218360834617994,1989-02-03T01:03:48Z,ls5,qg0651yd85t0,0.00323318898122942,0.912814896959556,0.06367645713187241
0.0681187160199598,0.8844334549787741,0.8785590246373142,0.0030892976837715047,0.0064794816414686825,0.03428911893945036,1989-02-19T01:03:43Z,ls5,qg0651yd85t0,0.0031009028359889907,0.8877558880758447,0.06837460850724715
0.19341257031058937,0.7786847640009784,0.963016895191925,0.003309366593299095,0.0007825874296894106,0.01516263145023233,1989-03-07T01:02:58Z,ls5,qg0651yd85t0,0.0033387078595973904,0.7855886824333578,0.19512739082712313
0.3359364323486253,0.6054839281264706,0.6733204297963171,0.007521636811650381,0.017553088402225976,0.026229962069824746,1989-03-14T01:08:54Z,ls5,qg0651yd85t0,0.007579300555837999,0.610125799465847,0.3385118495062641
0.19822291995642222,0.7207958046181031,0.1133497340906624,0.008080455689797985,0.017155692654205378,0.05242595244798616,1989-05-01T01:08:20Z,ls5,qg0651yd85t0,0.008109385111939132,0.7233763776587662,0.19893259212710315
0.11475862686071112,0.8656439067103842,0.7169802105567815,0.0020416211275797493,0.0,0.016969301861829617,1989-05-26T01:01:44Z,ls5,qg0651yd85t0,0.0020428400258474927,0.8661607175153461,0.11482714059697666
0.019924612433245194,0.7934760201171773,0.8255580478275026,0.0019035619847565714,0.06967387359361228,0.11881578265152694,1989-06-02T01:07:49Z,ls5,qg0651yd85t0,0.0018947041496446468,0.7897837422676789,0.01983189733753726
0.057284443871632944,0.930157881170254,0.9719293802684418,0.0004903982471968037,0.000451089057868282,0.01127722644670705,1989-06-11T01:01:49Z,ls5,qg0651yd85t0,0.0004905665035745295,0.9304770197411877,0.05730409825066258
0.2626495885509841,0.6410835062611808,0.6208078578922616,0.004861252236135957,0.059568276684555756,0.027506261180679784,1989-06-18T01:07:22Z,ls5,qg0651yd85t0,0.004884425000711735,0.644139442559564,0.2639015945744886
0.09729289721889592,0.6897250514645533,0.7311132014037118,0.0020772170122304,0.14021904390296408,0.07036852656647337,1989-06-27T01:01:29Z,ls5,qg0651yd85t0,0.002078052178714538,0.690002362522022,0.09733201482982606
0.24067146108449985,0.6963293151965845,0.17976194783112043,0.010024633692363338,0.012541791268602076,0.03688658356930514,1989-07-20T01:06:48Z,ls5,qg0651yd85t0,0.010062171764611534,0.6989367780670033,0.24157267533047788
0.23217766942123144,0.709019519682476,0.06661842914511051,0.010507779190375046,0.010440084342392904,0.03443851842664227,1989-08-05T01:06:29Z,ls5,qg0651yd85t0,0.01054549999890746,0.7115647567933,0.23301114043875745
0.13147270963229268,0.7930706458381905,0.7594895264281321,0.0031132905632563425,0.016945073293270857,0.05385870832361856,1989-08-14T01:00:06Z,ls5,qg0651yd85t0,0.0031184574922997984,0.7943868544188659,0.1316909064719447
0.24281570796773072,0.7012395774195439,0.1046651713034984,0.014867433464185922,0.0026123375875577574,0.03389371644924125,1989-08-21T01:06:07Z,ls5,qg0651yd85t0,0.014938307178612966,0.7045824175724656,0.2439732212121223
0.16875409629442903,0.7747658810184017,0.8277775767881046,0.005114486177632133,0.0013969414334929838,0.047716578438786655,1989-08-30T00:59:46Z,ls5,qg0651yd85t0,0.0051266277436476364,0.7766051412616075,0.1691547111224652
0.2710966865561426,0.6809426380829523,0.20632755689012694,0.01771222405061561,0.000517369483861263,0.024161382812393165,1989-09-06T01:05:47Z,ls5,qg0651yd85t0,0.017813952949078702,0.6848535836700663,0.2726537110846005
0.19292618767177072,0.739485669414998,0.9078542744473789,0.0051833529642716925,0.0022182960345504517,0.05726344719277581,1989-09-15T00:59:11Z,ls5,qg0651yd85t0,0.005199512584891403,0.7417910898549772,0.19352765433280505
0.2838910434787082,0.671804754728239,0.2966354328714591,0.01991446221266659,4.8864039667313046e-05,0.01619199967081068,1989-09-22T01:05:16Z,ls5,qg0651yd85t0,0.02008079961928345,0.6774160667215549,0.28626226994868376
0.08886469261292602,0.8720063053758765,0.7337722947794942,0.002731151818231233,0.0005231831276838615,0.03299450997445236,1989-10-01T00:59:27Z,ls5,qg0651yd85t0,0.002739315090051441,0.87461268721529,0.08913030459252237
0.3342540318950357,0.631397913678133,0.39723960782894974,0.021085235491480052,1.5005191796361541e-05,0.0029080061701348666,1989-10-08T01:05:04Z,ls5,qg0651yd85t0,0.02130618315799741,0.6380141971779062,0.33775660830216514
0.1417004964706677,0.8340435903497811,0.83932021272747,0.002696927735936146,0.0001576097357785358,0.018372792056469318,1989-10-17T00:58:49Z,ls5,qg0651yd85t0,0.002705275578195884,0.8366252184138971,0.14213910421565912
0.138642917493204,0.8269898427742269,0.8030317282298036,0.0034621813239291747,3.673499375505106e-05,0.026577767981779445,1989-11-02T00:58:28Z,ls5,qg0651yd85t0,0.0034775097301071984,0.830651244367358,0.13925674292700024
0.2553909003674491,0.7062836847894772,0.22710828117651316,0.013728930184660754,0.00012638378542841763,0.015505418119690126,1989-11-09T01:04:02Z,ls5,qg0651yd85t0,0.013855109249746972,0.7127749564205296,0.25773813242460514
0.1635781555835665,0.8162054088398356,0.8234850403386273,0.003553560631680348,0.00023570162224203483,0.011241942591283138,1989-11-18T00:57:27Z,ls5,qg0651yd85t0,0.003572298896842688,0.8205093380429641,0.16444071884666805
0.07090766026382783,0.8845440098742575,0.765511378025397,0.004881046054154131,0.0016045668440947312,0.03638046748437861,1989-12-04T00:57:33Z,ls5,qg0651yd85t0,0.004889596358693932,0.8860934975413212,0.0710318717715116
0.19453444159039116,0.7565040519518106,0.0,0.017490937375637637,0.005705292862052748,0.019879888571325204,1989-12-11T01:03:08Z,ls5,qg0651yd85t0,0.017597223197740798,0.7611010414303769,0.19571655393850423
0.11289992736212773,0.8745531174418697,0.7733819326363012,0.004457251414842072,0.0007263787226909538,0.0026660493777887753,1989-12-20T00:56:41Z,ls5,qg0651yd85t0,0.004478359108504925,0.8786946382080951,0.1134345745829201
0.20671156976954527,0.761041876198401,0.0,0.012077909627003364,0.0016714301219203358,0.012836004486089505,1989-12-27T01:02:40Z,ls5,qg0651yd85t0,0.012147692636005606,0.7654389774963856,0.20790589525959904
0.03306902793340539,0.637198504206918,0.7271752107376723,0.0024982927007154085,0.25071109843989314,0.07577093679345988,1990-02-22T00:55:02Z,ls5,qg0651yd85t0,0.002501085746403345,0.6379108805165574,0.033105998503686125
0.08012782008510774,0.8499893021007504,0.7717285915849643,0.0011524411021213538,0.007908521074861521,0.05908410133684119,1990-03-10T00:54:28Z,ls5,qg0651yd85t0,0.0011545916380204008,0.8515754417347923,0.08027734421548474
0.19727730144651398,0.7659853487073354,0.008831084258890787,0.012375852742463563,0.00018615244790468996,0.018929148918308276,1990-03-17T01:00:02Z,ls5,qg0651yd85t0,0.012442400081167784,0.7701041991416167,0.19833809941100258
0.24203089975245115,0.7264911408689549,0.2575811294815672,0.006679994347309127,0.0017786484221195642,0.016551176344463285,1990-04-02T00:59:34Z,ls5,qg0651yd85t0,0.00672430018226075,0.7313096773687833,0.24363619768237302
0.07041453378805762,0.9087911550475046,0.7225986758800333,0.002629749662543282,0.000195627082613317,0.017919440767379835,1990-04-11T00:53:56Z,ls5,qg0651yd85t0,0.002629882226422403,0.9088369665871122,0.0704180833364722
0.19677181199332447,0.7502433898972121,0.025572519083969514,0.009881303104051923,0.0069725608567562,0.03456578358700757,1990-04-18T00:59:46Z,ls5,qg0651yd85t0,0.009897465486318336,0.7514705276879148,0.19709366238200318
0.10053693515218726,0.7894982719452188,0.8319905213270142,0.0027127768386825874,0.00013996705390884916,0.10758083097363236,1990-04-27T00:53:32Z,ls5,qg0651yd85t0,0.002711352359572906,0.7890837064050391,0.10048414320784686
0.2053658772178721,0.7379000219347229,0.10110162439853843,0.004236782316990959,0.017016515437819086,0.03181943496958318,1990-05-04T00:59:40Z,ls5,qg0651yd85t0,0.004253154217591293,0.7407514372089161,0.20615945816609021
0.0,0.8964705882352942,0.9999692485800079,0.09352941176470589,0.0,0.0,1990-05-13T00:53:37Z,ls5,qg0651yd85t0,0.0944741532976827,0.9055258467023173,0.0
0.14956578295341927,0.49359080773042624,0.9707970044499113,0.009741699702675919,0.223302775024777,0.12363726461843409,1990-05-20T00:59:48Z,ls5,qg0651yd85t0,0.009744111931846183,0.4937130301537118,0.14960281827123084
0.17498528154971044,0.8161397144937167,0.7142559965268984,0.0015307188301205963,3.165258126800241e-05,0.004899819580286772,1990-05-29T00:53:32Z,ls5,qg0651yd85t0,0.0015344394939757358,0.8181234762902717,0.17541061205419775
0.23829885165953085,0.7406924709012668,0.0033482869650157676,0.005656851837399199,0.0009564966450018059,0.011156707546159585,1990-06-05T00:59:43Z,ls5,qg0651yd85t0,0.00567545787552914,0.7431286938663153,0.23908264406699417
0.08993494387442474,0.8749097166994774,0.7225028038059405,0.0012433020872716842,0.016094546497529432,0.01629662464310392,1990-06-14T00:53:55Z,ls5,qg0651yd85t0,0.0012452593584434163,0.8762870453341635,0.09007652416675985
0.12629746448236012,0.8159513969138739,0.7338916826453457,0.002068928013051458,0.016565835089388893,0.03732581061790497,1990-06-30T00:53:55Z,ls5,qg0651yd85t0,0.002072851003688765,0.8174985603097958,0.1265369429792215
0.1552445339744016,0.8237968092283426,0.8096288122716255,0.0007975028743550519,0.002784086050113549,0.015611786281012154,1990-07-16T00:53:27Z,ls5,qg0651yd85t0,0.000798939658729465,0.8252809648611958,0.15552422314894893
0.242961036141963,0.7128157447270361,0.0,0.011237545674903218,0.0019698997865489672,0.026008465685033105,1990-07-23T00:59:36Z,ls5,qg0651yd85t0,0.01129573493915684,0.7165067841171315,0.24421911547212954
0.14342083062946137,0.8472558079169372,0.7212474223074419,0.0015287475665152499,0.00029850746268656717,0.00599610642439974,1990-08-01T00:53:46Z,ls5,qg0651yd85t0,0.0015310587022759174,0.8485366754970399,0.1436376519135979
0.21144960913852553,0.771768483668044,0.862548388263811,0.0019432527044455556,0.0022240939120364276,0.008712131182059853,1990-08-17T00:53:19Z,ls5,qg0651yd85t0,0.0019509503333771819,0.7748256194665997,0.2122872051059271
0.10322261474800502,0.782464952271935,0.7250334647805796,0.001783536284513213,0.08764070075720197,0.02403178800976271,1990-09-02T00:53:12Z,ls5,qg0651yd85t0,0.0017852573936392268,0.7832200294642719,0.10332222437512416
0.23171127985808582,0.7028227380553456,0.04452262942730001,0.011419405649679009,0.018386730959642716,0.03199503225061387,1990-09-09T00:59:22Z,ls5,qg0651yd85t0,0.011463646716757762,0.7055456142585964,0.23260897581438925
0.1100735743954664,0.8701694465015939,0.7752830939546326,0.003185433235663457,0.0009740155198505973,0.01411115046527353,1990-09-18T00:53:34Z,ls5,qg0651yd85t0,0.0031902477840503093,0.8714846437118313,0.1102399425189943
0.22560870634306274,0.7292174309002319,0.006864802286458471,0.017544301261326903,0.0015518419015527526,0.020414370930285506,1990-09-25T00:59:17Z,ls5,qg0651yd85t0,0.017646484021277817,0.7334645906237115,0.2269227125231724
0.20095023975391296,0.7237366325884377,0.00030751419992036677,0.01627369944811364,0.015454627702886095,0.04045598480050665,1990-10-11T00:59:09Z,ls5,qg0651yd85t0,0.016327811605367393,0.7261431505776504,0.20161842531358937
0.20106761901308878,0.7512240310358579,0.0021706884700264384,0.01566099851346942,0.0030600775896450455,0.02445886661107284,1990-10-27T00:59:02Z,ls5,qg0651yd85t0,0.015734265918760648,0.7547385090877572,0.20200828079276423
0.20911152199105248,0.7583305708638252,0.09308093050179078,0.013889118263613387,1.5956502573983323e-05,0.012416153565380773,1990-11-12T00:59:03Z,ls5,qg0651yd85t0,0.013977388124626873,0.7631500081255692,0.21044049368184914
0.21260005545799054,0.7554521910437159,0.0019011613183315124,0.01368541907936111,0.00022835643176764188,0.01130545572513135,1990-11-28T00:58:49Z,ls5,qg0651yd85t0,0.013779214652424142,0.7606298235860417,0.21405714960463507
0.11985494201399996,0.8733910093804165,0.7568304330523498,0.0019221298975667452,0.0,0.00011158306615388049,1990-12-07T00:53:00Z,ls5,qg0651yd85t0,0.0019312470491658954,0.8775337253581121,0.12042344452656809
0.23847972397187503,0.7333660962617266,0.0023190188488115826,0.014772599530766695,0.0001232915955020325,0.005854537674647984,1990-12-14T00:58:53Z,ls5,qg0651yd85t0,0.014883455608301423,0.7388693990933786,0.24026931602816998
0.06934961588720974,0.9254786027787382,0.6913045837704859,0.002377866196316502,0.0002929922122669979,0.0017872524948286874,1990-12-23T00:53:21Z,ls5,qg0651yd85t0,0.0023795679637024915,0.9261409400057361,0.06939924732346574
0.202215474956556,0.7685792724512486,0.061072320104193056,0.011033660978156576,0.006197765952937822,0.005325031114056618,1990-12-30T00:59:18Z,ls5,qg0651yd85t0,0.011108379273450254,0.7737839758719266,0.20358484778762875
0.09004037470459271,0.9042001651433618,0.6823468760175102,0.0024171862987955924,0.0,0.00015944876284843825,1991-01-08T00:53:22Z,ls5,qg0651yd85t0,0.002424905579947132,0.9070877271386818,0.09032791851852259
0.21897804153656628,0.7594168298024049,0.002972034296877868,0.007770425834169426,0.00015965833117129343,0.006999566382486932,1991-01-15T00:59:47Z,ls5,qg0651yd85t0,0.007823024833277325,0.7645574187489784,0.2204603317040861
0.12286048649110809,0.8695369677667578,0.6614883687276147,0.0026278214774281806,5.343707250341997e-06,0.00025649794801641587,1991-01-24T00:54:14Z,ls5,qg0651yd85t0,0.0026402680096356467,0.8736554818925665,0.1234424084425312
0.2280655303901563,0.7449321462711573,0.14278246083716217,0.009180648551236905,0.0017008274124422067,0.009861000618290858,1991-01-31T01:00:07Z,ls5,qg0651yd85t0,0.00923916079039223,0.7496799206417638,0.22951909053711095
0.1366094221397076,0.8564042823466185,0.7038059404507797,0.0020526804362961245,1.221433718899244e-05,7.939319172845085e-05,1991-02-09T00:54:00Z,ls5,qg0651yd85t0,0.002062668809250654,0.8605715580806677,0.1372741655811642
0.25775007278020373,0.7167693231441047,0.005824680727904208,0.015135352983988357,0.0,0.0014501455604075692,1991-02-16T01:00:23Z,ls5,qg0651yd85t0,0.015271390892354382,0.7232117100249794,0.26006675352225866
0.1152639845069258,0.8779170553712079,0.6936326471545893,0.001669225228204008,0.0,5.904372778479742e-06,1991-02-25T00:54:23Z,ls5,qg0651yd85t0,0.0016778558854759818,0.8824562877588479,0.11585995198289771
0.2558799838613086,0.7240636211822137,0.0002007886834773931,0.010411536631391927,0.0,0.0017224253630753253,1991-03-04T01:00:40Z,ls5,qg0651yd85t0,0.010494824633364853,0.7298558317313962,0.2579269182721636
0.17668191466711403,0.8151409418489868,0.7196320683043305,0.0019207964230642672,0.0,2.5807617118192433e-05,1991-03-13T00:55:06Z,ls5,qg0651yd85t0,0.0019328393657707243,0.8202516842173603,0.17778966879975072
0.28973115827269874,0.6935751662129718,0.008552512571904036,0.008178572210504807,9.122556067229589e-06,0.0005491778752472212,1991-03-20T01:01:02Z,ls5,qg0651yd85t0,0.008244206379088131,0.6991412024614455,0.2920562907281519
0.08896865791588533,0.8994726480977331,0.7096360478998589,0.0017479550707392892,0.004398233230957083,0.002815866034550427,1991-03-29T00:55:19Z,ls5,qg0651yd85t0,0.0017525388504485997,0.9018313954948766,0.08920196638916716
0.22945823348344177,0.7597724757228719,0.11909663181505736,0.003515948260815104,2.053468205125046e-06,0.0011992254317930268,1991-04-05T01:01:13Z,ls5,qg0651yd85t0,0.003537382473103093,0.7644042630323472,0.2308570755945515
0.21407487483939566,0.7243526649240175,0.7958557939293079,0.002518984537681095,0.003881086349740818,0.05249213592663152,1991-04-14T00:55:16Z,ls5,qg0651yd85t0,0.0025261597774572805,0.7264159582771927,0.21468465966897765
0.22160319749685004,0.7515053543849799,0.007942910893238286,0.010516128796981926,0.0018015094023109647,0.010429791276537164,1991-04-21T01:01:31Z,ls5,qg0651yd85t0,0.010560433331664674,0.7546714524501895,0.2225368135392976
0.15229708074966905,0.8427362456164799,0.6884410838971093,0.0013072180032049048,1.1611974267865022e-05,1.7417961401797534e-05,1991-04-30T00:55:56Z,ls5,qg0651yd85t0,0.0013119811917096694,0.8458069741314082,0.15285201474121254
0.2516700287480575,0.731848903539322,0.00015737491407696869,0.009179205873360189,0.0001899651368744041,0.0015866611908462132,1991-05-07T01:01:51Z,ls5,qg0651yd85t0,0.009230296202141497,0.7359222843541676,0.25307079311597036
0.11354642725847955,0.8822225876980825,0.9065102565030209,0.0004156105489232436,0.0,0.0,1991-05-16T00:56:10Z,ls5,qg0651yd85t0,0.00041720233206003754,0.885601489031638,0.1139813086363019
0.22556414004189532,0.7604612648922044,2.5324698816997504e-05,0.00642212638791909,4.341486886900649e-05,0.001378422086590956,1991-05-23T01:02:07Z,ls5,qg0651yd85t0,0.006461797695990532,0.7651588512201047,0.22695751412844475
0.19318394775876407,0.6011267682066496,0.0,0.007624706052603018,0.15957816287399154,0.03630838247530842,1991-06-08T01:02:20Z,ls5,qg0651yd85t0,0.007645414526304552,0.6027594105386704,0.19370862958572513
0.04466466768895755,0.4136504335235401,0.6826760971021308,0.0011033900913791236,0.45496884673047433,0.08551900263933464,1991-06-17T00:56:37Z,ls5,qg0651yd85t0,0.0011036150339414639,0.4137347623471873,0.04467377324906229
0.4394124287933713,0.5357067495252892,0.47605007054737525,0.005204108406697739,0.003590540307267392,0.00990160538581046,1991-07-10T01:02:45Z,ls5,qg0651yd85t0,0.005236939576352515,0.5390863638231461,0.4421845509074236
0.12861593663851573,0.6276701089572485,0.9173220939908108,0.0016553625344593703,0.0797269505097799,0.16151052378243558,1991-07-19T00:56:44Z,ls5,qg0651yd85t0,0.0016571558752898092,0.6283500968215423,0.1287552730109523
0.6300160590974788,0.3544415448851773,0.9549437429904851,0.00606070338846957,0.0,4.014774369680424e-05,1991-07-26T01:03:00Z,ls5,qg0651yd85t0,0.00611847355046673,0.35782005463133915,0.6360213240744973
0.28605633471385555,0.6399592641398929,0.30815817083318264,0.025323507571954475,0.014858914825970548,0.029989750669344045,1991-08-11T01:03:03Z,ls5,qg0651yd85t0,0.02542498451742226,0.6425237237102823,0.2872026262769809
0.18898553988193853,0.6277466986215438,0.8875384392749901,0.00394798217818597,0.07612874169628926,0.10030400025735471,1991-08-20T00:56:56Z,ls5,qg0651yd85t0,0.003961870623132379,0.6299550230441482,0.18965036437907537
0.2895624895804391,0.6172263406501806,0.3489743496979125,0.02662064462350653,0.024109474854126147,0.03651014170602945,1991-08-27T01:03:11Z,ls5,qg0651yd85t0,0.026790933697939476,0.6211746636059718,0.2914147861359332
0.2465909090909091,0.7342424242424244,0.999761224268297,0.005681818181818184,0.0,0.0,1991-09-05T00:57:09Z,ls5,qg0651yd85t0,0.005759483950238059,0.7442789126094302,0.24996160344033172
0.24734364875722473,0.6305466353920982,0.1624832676097102,0.014122217038592124,0.02437818037304858,0.07845424150532618,1991-09-12T01:03:23Z,ls5,qg0651yd85t0,0.014203831494904725,0.6341906610211219,0.2487730856055985
0.23281900922362717,0.7421426098996192,0.9111591476429941,0.006080263881253436,0.00042758536436381404,0.013071895424836602,1991-09-21T00:57:43Z,ls5,qg0651yd85t0,0.0061140952080714316,0.746271981530756,0.23411444247197208
0.27512617951605667,0.6911230960998067,0.33825114865598205,0.019411444722656553,0.00014761035240604874,0.007719474725827438,1991-09-28T01:03:28Z,ls5,qg0651yd85t0,0.019538907088554443,0.695661253162003,0.27693275467120904
0.1803151832616557,0.7980188693284127,0.8784432545855794,0.004947692673998125,0.00035714817184779533,0.01080373219839581,1991-10-07T00:57:23Z,ls5,qg0651yd85t0,0.004975656358433661,0.8025291631776608,0.18133430009366183
0.22947970491830214,0.7193706306631945,0.11921421077385042,0.0142466462387763,2.0537423292724003e-05,0.030362526595963165,1991-10-14T01:03:40Z,ls5,qg0651yd85t0,0.014343092891782845,0.7242406111790181,0.23103323190994313
0.2318192174676832,0.7399077012119691,0.11238920444267575,0.013610229697425454,0.0024536926648039796,0.005710337912608597,1991-10-30T01:03:41Z,ls5,qg0651yd85t0,0.013699996380167024,0.7447877848952963,0.2333481881471242
0.0726040758500436,0.8811720793374018,0.9336058753301255,0.002384208805579773,0.014521578029642546,0.02650937227550131,1991-11-08T00:57:55Z,ls5,qg0651yd85t0,0.0023912123307567065,0.8837604897267972,0.07281734763730224
0.24653588871603777,0.7303251872218806,0.0,0.011748308671900437,0.00026229152346152456,0.004562063601172172,1991-11-15T01:03:44Z,ls5,qg0651yd85t0,0.0118263399485812,0.735175945602731,0.248173359324054
0.14268175050360551,0.8498460864741775,0.6901975326507723,0.002059848772370303,0.0001518115201588182,0.0010393250226257555,1991-11-24T00:57:36Z,ls5,qg0651yd85t0,0.0020685910761836577,0.8534529593583445,0.14328731302268713
0.01313056721267091,0.9180209828076349,0.7327520711985818,0.030682618112901044,0.006897251929064573,0.01985921212941654,1991-12-01T01:03:57Z,ls5,qg0651yd85t0,0.03104657822886522,0.9289106344706956,0.013286323241958047
0.13904865484869314,0.8497515332193213,0.6498914655764987,0.0027332379215384375,0.00019633474039897287,0.0036166925862968686,1991-12-10T00:57:50Z,ls5,qg0651yd85t0,0.0027460657798156155,0.8537396573972621,0.13970124949622653
0.2376943308852791,0.7396302413082015,0.0,0.013889855649216748,1.4471256466842734e-05,0.0013838138996418363,1991-12-17T01:03:55Z,ls5,qg0651yd85t0,0.013993373462521018,0.745142530792524,0.23946581058884633
0.035553679257917824,0.5111988377306632,0.6893509641474621,0.0021467044772990637,0.37663116582136225,0.0740509977697938,1991-12-26T00:58:05Z,ls5,qg0651yd85t0,0.0021483416495470488,0.5115887006853387,0.035580794073958116
0.18699102169378468,0.6790473575191726,0.005316377844506337,0.012404811222791842,0.08512750940658069,0.03222333559442861,1992-01-02T01:03:48Z,ls5,qg0651yd85t0,0.01246420515626964,0.682298619699339,0.18788633014338207
0.06346463747736761,0.6721950460736306,0.7092706486740712,0.0016744544894568849,0.019393856434442296,0.24418090977532494,1992-01-11T00:57:36Z,ls5,qg0651yd85t0,0.0016723904065347028,0.6713664381158078,0.06338640526789024
0.22788485917618562,0.7378075888575126,0.1909464201729315,0.014924082359069973,0.0033582181321420825,0.00883823986441921,1992-01-18T01:03:48Z,ls5,qg0651yd85t0,0.015033462070576853,0.7432150356455408,0.22955504428732101
0.0006319674021680634,0.7805151072499422,0.9529430917839441,0.005122241869762437,0.014338433151380026,0.19616360421311602,1992-01-27T00:57:40Z,ls5,qg0651yd85t0,0.005143275256107772,0.7837201249387926,0.0006345624406034654
0.07388773695317614,0.366587413489628,0.8037100683766868,0.01815533622699584,0.17113156948936994,0.36507146609162033,1992-02-03T01:03:51Z,ls5,qg0651yd85t0,0.018359856300066625,0.37071702495241354,0.07472008316652957
0.059212975307116514,0.3252602280043442,0.7218461705437574,0.0032476637033472294,0.5305620768815561,0.08119321839902711,1992-02-12T00:57:53Z,ls5,qg0651yd85t0,0.0032520515216062813,0.3256996770661143,0.05929297613169622
0.18275132908223374,0.552177798804194,0.017343800875511017,0.020122065710414694,0.19378276684731385,0.04724868932610744,1992-02-19T01:03:41Z,ls5,qg0651yd85t0,0.020226462841896546,0.5550426029993858,0.18369947798529623
0.06542352728306665,0.3977443973427767,0.7200752505336276,0.0052741230904438195,0.04482771990591155,0.4854085351668519,1992-02-28T00:57:32Z,ls5,qg0651yd85t0,0.005289003893336785,0.3988666229482738,0.06560811808562601
0.20209903713317742,0.6612743198590498,0.1344976665098947,0.019688735064278203,0.013043741783654882,0.0990810233516627,1992-03-06T01:03:42Z,ls5,qg0651yd85t0,0.01979604880181623,0.6648786051811041,0.2032005808817622
0.04370416353367024,0.6493365042171589,0.6896620961614992,0.00486992964601512,0.12856651569995511,0.1745676464930841,1992-03-31T00:57:26Z,ls5,qg0651yd85t0,0.004862639449077705,0.6483644591695945,0.04363873918828854
0.0,0.0,0.9999764842082414,0.0,0.0,1.0,1992-04-16T00:57:43Z,ls5,qg0651yd85t0,0.0,0.0,0.0
0.034779644481094545,0.535173897641682,0.6885080134582685,0.008366541036823676,0.26422336947369035,0.1579974332022834,1992-05-02T00:57:10Z,ls5,qg0651yd85t0,0.008358716056036492,0.5346733651697301,0.03474711609825965
0.1237948880286531,0.5618770124091024,0.0,0.04866634709308634,0.18720740928331103,0.07554719438515249,1992-05-09T01:03:16Z,ls5,qg0651yd85t0,0.04885901077778692,0.5641014098012516,0.12428497575249797
0.14521831395999907,0.6187525663135419,0.03080930501790813,0.044925212957363736,0.1222274481697985,0.06634527089072544,1992-05-25T01:03:08Z,ls5,qg0651yd85t0,0.04506579238133949,0.6206887592357307,0.14567272932240594
,,1.0,,,,1992-06-10T01:02:59Z,ls5,qg0651yd85t0,,,
0.0,0.1822222222222222,0.9999674396729497,0.037222222222222226,0.0,0.7777777777777778,1992-07-05T00:56:53Z,ls5,qg0651yd85t0,0.03769338959212377,0.18452883263009842,0.0
0.1442139023908925,0.7418434912892121,0.05586085886907133,0.04787149456162502,0.0078055098392724055,0.05678441350426008,1992-07-12T01:02:35Z,ls5,qg0651yd85t0,0.04794741758321005,0.743020036954177,0.14444262211908046
0.0724019179738672,0.9051824762352623,0.7845881118628125,0.008818984918208993,0.0032414094252796346,0.009581471902186691,1992-07-21T00:56:41Z,ls5,qg0651yd85t0,0.008825902572308815,0.9058925057143792,0.07245871038584568
0.12941476192581455,0.748458928334586,0.8363373249882421,0.011018281091118088,0.05359432335647023,0.05300853264954242,1992-08-06T00:56:05Z,ls5,qg0651yd85t0,0.011074125063320088,0.7522523439538289,0.13007067497683839
0.0,0.9647058823529413,0.9999692485800079,0.0011764705882352942,0.0,0.0,1992-09-07T00:55:35Z,ls5,qg0651yd85t0,0.001218026796589525,0.9987819732034104,0.0
0.1643424209060352,0.759050781278482,0.007655294670959822,0.03820152828716631,0.007541178443567851,0.027774942215287247,1992-09-14T01:01:40Z,ls5,qg0651yd85t0,0.038324251721665696,0.761489252277278,0.16487037534220128
0.0999483039931301,0.8254672391584371,0.7893527730545205,0.006168054959209963,0.014976384714469729,0.04972949763847145,1992-09-23T00:55:42Z,ls5,qg0651yd85t0,0.006192622468205851,0.8287550947235945,0.10034640045525847
0.14225556706027914,0.6576689166888275,0.04088672624000578,0.03270723119024852,0.07198184894109393,0.09168698853488289,1992-10-16T01:01:02Z,ls5,qg0651yd85t0,0.032852551966837916,0.6605909909284965,0.14288761962868876
0.053584910474513775,0.5492753761856466,0.7164158315545748,0.00610610380746439,0.08455007622583259,0.3077673804466387,1992-10-25T00:55:10Z,ls5,qg0651yd85t0,0.006093230676807176,0.5481173720135287,0.05347194063719291
0.15418269714773547,0.6984058849349049,0.10159183821135265,0.03177967535003966,0.01718889054439876,0.09611040192647657,1992-11-01T01:00:51Z,ls5,qg0651yd85t0,0.031863491685838914,0.7002478742419419,0.15458934160134388
0.1400534893817156,0.7926065265366662,0.0,0.02393437285192286,0.005497268550341884,0.03533157266379654,1992-11-17T01:00:33Z,ls5,qg0651yd85t0,0.023998844664668152,0.7947415638687791,0.14043075025241425
0.06327938817598533,0.7791666666666667,0.8105423103360949,0.0040507561869844175,0.05603612893369997,0.0959269019248396,1992-11-26T00:54:24Z,ls5,qg0651yd85t0,0.00405812633288351,0.7805843209879746,0.06339452182060232
0.13961865679473406,0.735450985926706,0.0002568648022864828,0.023014594393118593,0.013184892469032601,0.08608991130459327,1992-12-03T01:00:42Z,ls5,qg0651yd85t0,0.02308227245744196,0.7376136961740399,0.14002922759489214
0.04432853935657386,0.709918346647825,0.6825404290727543,0.003329610593852921,0.05450774367799063,0.19065174531903498,1992-12-12T00:55:01Z,ls5,qg0651yd85t0,0.0033175857136413904,0.7073544783401713,0.044168446949161715
0.1518153455542955,0.7972576888313124,0.025359068051083566,0.01952680117520197,0.003659978359357165,0.025690375481856938,1992-12-19T01:00:52Z,ls5,qg0651yd85t0,0.019568124993897772,0.7989448946307416,0.15213662653414659
0.04641649437988642,0.8775445569259286,0.6955175283093955,0.0034262493762030363,0.0033566217532853306,0.0697642641572206,1992-12-28T00:54:46Z,ls5,qg0651yd85t0,0.003424371871524733,0.8770636829934905,0.046391059224478885
0.15508950472124744,0.8051239101334973,0.0,0.016352700698238114,0.0017293151477877067,0.018714952425744367,1993-01-04T01:01:02Z,ls5,qg0651yd85t0,0.016402762142267248,0.8075886813237391,0.15556428896046154
0.05041064809614737,0.8452504399266166,0.7584295068919359,0.0020925530719982026,0.03816691003032686,0.06477966228612078,1993-01-13T00:55:22Z,ls5,qg0651yd85t0,0.0020909209608514353,0.8445911769988207,0.050371329723880275
0.08263004441011777,0.8472660530775994,0.15685033102999169,0.010245049451846136,0.010546866619467507,0.044592478170388965,1993-01-20T01:01:14Z,ls5,qg0651yd85t0,0.01029647959696625,0.8515193284053505,0.08304484720782687
0.05240950279912705,0.8787460266628712,0.6949748561918889,0.005060074485245279,0.004068222791536199,0.05999739064427365,1993-01-29T00:55:33Z,ls5,qg0651yd85t0,0.005058554556610469,0.8784820718036007,0.052393760203978935
0.04819342814164915,0.5037247921947944,0.6981603415216526,0.0031545639236978847,0.027100076110342017,0.41890053516957027,1993-02-14T00:55:42Z,ls5,qg0651yd85t0,0.003148463651909159,0.5027506930123294,0.04810023205584916
0.1300161269719614,0.7895035766749696,0.8867117687493217,0.007384556428434568,0.004710353196653254,0.0647314300312959,1993-03-02T00:55:25Z,ls5,qg0651yd85t0,0.0074136671473900885,0.7926158850387416,0.13052866458591914
0.18938338733365473,0.7634932116551005,0.1932545855793929,0.016711952195701648,0.004825274392636524,0.01987959236297185,1993-03-09T01:01:41Z,ls5,qg0651yd85t0,0.01681031157347068,0.7679868050037334,0.1904980166671877
0.041592456319225875,0.6136724781042006,0.7143609131362831,0.004590043506620985,0.22018656551007873,0.11951338446047358,1993-03-18T00:55:32Z,ls5,qg0651yd85t0,0.004593139490387355,0.6140864001132923,0.04162051042576802
0.18307146282187356,0.598922258515334,0.5586248688542383,0.005975754197728699,0.10848316195425428,0.09913074126745382,1993-03-25T01:01:41Z,ls5,qg0651yd85t0,0.006009248696886604,0.6022792575517263,0.18409759052967894
0.05174122626138339,0.8026248537991927,0.7324391302774864,0.002428927815675431,0.007139331904565522,0.13624225051212538,1993-04-03T00:55:35Z,ls5,qg0651yd85t0,0.0024284271999265496,0.8024594282811257,0.051730562102256995
0.008806383817154866,0.9709268356758177,0.8622879056474079,0.002309470642322343,0.0005910941810061736,0.017378168921581505,1993-04-10T01:01:48Z,ls5,qg0651yd85t0,0.0023094425318824934,0.9709150177380131,0.008806276627516665
0.13780773168535446,0.8406509886639775,0.7067074273723817,0.0028852582368106183,0.001301360569391506,0.015431299263590275,1993-04-19T00:56:07Z,ls5,qg0651yd85t0,0.0028909131294524233,0.842298602395557,0.13807782464200877
0.1985477022628725,0.7718600310241178,0.15688831807821713,0.009624556683380215,0.002070420027076374,0.01361113435416841,1993-04-26T01:01:57Z,ls5,qg0651yd85t0,0.009666649529109733,0.7752357486056645,0.199416047483981
0.0,0.01909090909090909,0.9999602040447162,0.021818181818181816,0.0,0.9545454545454546,1993-06-22T00:55:51Z,ls5,qg0651yd85t0,0.02424242424242422,0.021212121212121193,0.0
0.16745105696792564,0.7674610849353726,0.28206287760934845,0.007115875935397718,0.0023558164730781827,0.05372521353523646,1993-06-29T01:01:58Z,ls5,qg0651yd85t0,0.00713015977904742,0.7690016253050993,0.16778718490753866
0.06322092070591882,0.5890708797413696,0.9183079483376144,0.002650959899027922,0.12887225703593808,0.21724496800336573,1993-07-08T00:56:09Z,ls5,qg0651yd85t0,0.002646669480199032,0.588117504024551,0.06311860145594606
0.18512951437465186,0.6648376622771806,0.028955175283093992,0.009183551814132664,0.011961334766482928,0.12628047383353236,1993-07-15T01:01:56Z,ls5,qg0651yd85t0,0.00921142325759958,0.6668553985184373,0.18569136962394772
0.052227763719299984,0.6831326110278522,0.7791161680112876,0.0049381290486368735,0.12057260316602379,0.1377457845040087,1993-07-24T00:55:45Z,ls5,qg0651yd85t0,0.004947355014102189,0.6844089158419827,0.05232534147388254
0.2173095401758258,0.7295312217358272,0.0,0.01001170362866756,0.003426069968525017,0.03612206504829782,1993-07-31T01:01:55Z,ls5,qg0651yd85t0,0.01004936473292434,0.7322755050685557,0.21812699518169715
0.09813744963852321,0.8259132616545102,0.7750605983864549,0.0029930599673504837,0.0220102773600534,0.05103296314464701,1993-08-09T00:56:09Z,ls5,qg0651yd85t0,0.002992779040560578,0.825835741937609,0.09812823851712997
0.17614777591936284,0.6570827960712945,0.2634908288412141,0.017065996654853036,0.10795098696571592,0.03783061570843679,1993-08-16T01:01:56Z,ls5,qg0651yd85t0,0.01714471026797058,0.6601134635466359,0.17696022351124077
0.1919411418853798,0.7283264119137725,0.027781194602221393,0.015064339432369178,0.027131220439770627,0.03367866007271212,1993-09-01T01:01:54Z,ls5,qg0651yd85t0,0.015126479545785382,0.7313307444995805,0.19273289544215141
0.10161978933796388,0.730206398885342,0.8260319814767917,0.004304430557432959,0.03359570773501919,0.13084753517099393,1993-09-10T00:55:43Z,ls5,qg0651yd85t0,0.0043014762967890936,0.7297052361885944,0.10155004460860342
0.051752507752613905,0.6163402354974941,0.7614214391664557,0.003958571850998172,0.20509360001819685,0.1227073871606099,1993-09-26T00:56:03Z,ls5,qg0651yd85t0,0.003959441832239271,0.6164756895105068,0.05176388147844718
0.16021544647655053,0.7606600329831196,0.02378712781737269,0.011466581429392038,0.007002427409342747,0.05847091741249282,1993-10-03T01:01:49Z,ls5,qg0651yd85t0,0.011493449066664876,0.7624423547657695,0.1605908513457301
0.05480314814986081,0.8603921314750247,0.804408306501212,0.0032904824881851897,0.012124631220694184,0.07184144570736264,1993-10-12T00:55:59Z,ls5,qg0651yd85t0,0.003281698755479178,0.8580953696680957,0.054656854648368315
0.15140243262701292,0.7950231179158418,3.6178141167297895e-06,0.010684782333426188,0.010249304472719774,0.03111512287950103,1993-10-19T01:01:42Z,ls5,qg0651yd85t0,0.010701809476906887,0.7962900574076157,0.15164370576325661
0.05782578806170356,0.8392377598926894,0.7842335660793749,0.002435529845741113,0.0181841046277666,0.08685446009389672,1993-10-28T00:55:28Z,ls5,qg0651yd85t0,0.002423243492076171,0.8350041135897931,0.057534078196467275
0.043828851437024516,0.8815878592561285,0.7260880575956008,0.0022351806846999155,0.026501743448858833,0.047112743026204565,1993-11-04T01:01:36Z,ls5,qg0651yd85t0,0.0022321293425502584,0.8803843654124371,0.04376901876994919
0.1664169168988096,0.7925420570891066,0.0,0.011315581925400671,0.009214572555262111,0.016585868818060127,1993-11-20T01:01:26Z,ls5,qg0651yd85t0,0.011361356278123593,0.7957480874910882,0.16709011485746586
0.04289663674743675,0.6922232766878348,0.796049346984552,0.0012247667364387838,0.016896086848547202,0.2490509809486643,1993-12-31T00:54:59Z,ls5,qg0651yd85t0,0.001220954857632269,0.6900688491064204,0.04276312823873593
0.1538803405197521,0.6605950774418327,3.256032705034606e-05,0.016433334177517446,0.0007959450219065777,0.16487639335602983,1994-01-07T01:01:04Z,ls5,qg0651yd85t0,0.016500951809311007,0.6633132035523702,0.15451350626038235
0.05369719496833029,0.5854319322960098,0.7960891429398358,0.0033578766211876583,0.07946702624061884,0.27817894718166175,1994-01-16T00:55:08Z,ls5,qg0651yd85t0,0.003357181632199029,0.5853107638337827,0.05368608111173777
0.15269203976948892,0.6337466730596993,0.0002442024528779285,0.015717723477206735,0.003101224024534771,0.19170956331364158,1994-01-23T01:00:49Z,ls5,qg0651yd85t0,0.015777148718924338,0.6361427292881293,0.15326933465477013
0.05424187266838849,0.8557570614520561,0.7793766506276907,0.0017790349690484973,0.0011560693641618498,0.08601648013774443,1994-02-01T00:54:58Z,ls5,qg0651yd85t0,0.0017810826870111622,0.8567420612620091,0.05430430654907327
0.15500987698986973,0.7891735890014472,3.617814116707585e-05,0.01119627351664255,0.00019175108538350218,0.040524602026049204,1994-02-08T01:00:41Z,ls5,qg0651yd85t0,0.011242024136013476,0.7923983387750505,0.15564328397750327
0.16597438821314786,0.7674806870836952,0.0006150283998408446,0.010257022878656239,0.00024254271647842455,0.05336301766579786,1994-03-12T01:00:11Z,ls5,qg0651yd85t0,0.010286176725040591,0.7696621206554926,0.16644614223719045
0.07291131522376393,0.9094748485440687,0.768595564559893,0.0017683017393003715,0.0,0.015767051006449092,1994-03-21T00:53:53Z,ls5,qg0651yd85t0,0.0017684427562752502,0.9095473765459473,0.07291712969132835
0.16150383888141157,0.7829707511202413,0.004104410115408297,0.006582351135498802,0.0012641880588719302,0.04432105290881317,1994-03-28T00:59:57Z,ls5,qg0651yd85t0,0.006605590896946311,0.785735121039415,0.16207404709595352
0.10957951321487233,0.8830507690010453,0.7577149886038855,0.0023288039420636102,0.0,0.002247274899208601,1994-04-06T00:53:36Z,ls5,qg0651yd85t0,0.0023353427409682375,0.8855301925784366,0.10988718978138658
0.14237015903207056,0.8526591641570245,0.8288140805325422,0.0018008136524541663,0.0,0.0007925186241876684,1994-04-22T00:53:42Z,ls5,qg0651yd85t0,0.0018051084207759314,0.8546926747107089,0.1427096982443274
0.2131013869809074,0.7646633761363235,0.02954126117000111,0.007107433703207336,0.00037838613652842835,0.010188466119529012,1994-04-29T00:59:22Z,ls5,qg0651yd85t0,0.007140348284832285,0.7682045382716932,0.21408826118741706
0.12123988810163304,0.7869403288409271,0.7730346224810969,0.0009230818276733269,0.04566792326513697,0.04375513066764432,1994-05-08T00:53:01Z,ls5,qg0651yd85t0,0.0009245781340249672,0.7882159511932537,0.12143641673994009
0.2439273158982936,0.7398673621430618,0.09798668644405051,0.007179229561356539,2.6070337771306987e-05,0.004020848248574654,1994-05-15T00:59:04Z,ls5,qg0651yd85t0,0.007215301784389255,0.7435848446770524,0.24515293495221233
0.16747313750211698,0.7850307672042304,0.8077457400238776,0.0014304397734329428,0.006463935567640805,0.037024143316836344,1994-05-24T00:52:44Z,ls5,qg0651yd85t0,0.0014343048907339122,0.7871519582228724,0.16792565800191656
0.09155169065811135,0.9056747857655454,0.7857440034731016,0.002369369749672844,1.688547427075858e-05,0.00019418295411372368,1994-06-09T00:52:49Z,ls5,qg0651yd85t0,0.0023698274253460203,0.9058497290462687,0.09156937510000068
0.18478425165514992,0.7894398900184508,0.0,0.004297203429687783,0.0005698057233819326,0.020384573640606345,1994-06-16T00:58:27Z,ls5,qg0651yd85t0,0.004299505800125171,0.7898628588386647,0.1848832559972219
0.12841274635656572,0.851074907498301,0.9041785753048008,0.0006271237634976969,0.007532281205164993,0.011288982858868837,1994-06-25T00:52:27Z,ls5,qg0651yd85t0,0.0006278045343212533,0.8519987872799478,0.128552144121697
0.18463681089168812,0.7594106373651851,0.001385622806700182,0.006485524966760498,0.0027696565915653177,0.04436341372401975,1994-07-02T00:58:02Z,ls5,qg0651yd85t0,0.0065014496462025935,0.7612753084638145,0.18509017157439775
0.10835177373106543,0.8842599570641485,0.7590137838717846,0.0012463406944798906,7.506267733557521e-06,0.005952470312711114,1994-07-11T00:51:37Z,ls5,qg0651yd85t0,0.001246568870012324,0.8844218441688594,0.10837161038068355
0.23256124382757243,0.7156650206859738,0.3222929705871712,0.0031088482583744824,0.03267849993327105,0.012219404777792606,1994-07-18T00:57:36Z,ls5,qg0651yd85t0,0.0031211583023118164,0.7184988250781071,0.23348211190851742
0.2469562308371875,0.7130633217273813,0.16458883542563585,0.005075070588439086,0.0005889587555647941,0.030049888271059606,1994-08-03T00:57:09Z,ls5,qg0651yd85t0,0.005097506668266477,0.7162156612524125,0.24804798505269665
0.07324213964883627,0.7420960936436639,0.9867099598422633,0.005270178304069687,0.04015244317408466,0.1391043963522526,1994-08-12T00:50:45Z,ls5,qg0651yd85t0,0.0052710436993039025,0.7422179503220752,0.07325416645228368
0.2246699173433875,0.7433913863109047,0.0020621540465251,0.005461281902552202,0.00103502030162413,0.021039370649651973,1994-08-19T00:56:46Z,ls5,qg0651yd85t0,0.00548598205113577,0.7467535781964844,0.2256860488011037
0.1179124131730333,0.8784239463403377,0.7726547519988423,0.00105481337672361,0.0,0.00124123773680986,1994-08-28T00:50:23Z,ls5,qg0651yd85t0,0.0010562597014995012,0.8796284118366652,0.11807409072502549
0.1290335799276172,0.8665011042161743,0.7845790673275207,0.001419442601751631,0.0,0.0002687065975866789,1994-09-13T00:50:22Z,ls5,qg0651yd85t0,0.0014233966740195237,0.8689148742284675,0.12939302249992626
0.21309497458599772,0.7699290681035639,0.029137874895987848,0.004372810743937157,0.00020681482806421322,0.007259014145388961,1994-09-20T00:55:58Z,ls5,qg0651yd85t0,0.0043955619989039735,0.7739349246476813,0.21420368437996154
0.1467808821234053,0.8479039505787445,0.7798035526934626,0.001535377765364046,0.0,9.03646624879856e-05,1994-09-29T00:49:55Z,ls5,qg0651yd85t0,0.001541063918739431,0.8510440975962065,0.14732447382256608
0.15179782563606195,0.83841796875,0.7906877464635866,0.003389968196902655,0.00033704369469026547,0.0013741012168141593,1994-10-15T00:49:02Z,ls5,qg0651yd85t0,0.003405945896765862,0.8423696254873247,0.15251328370440503
0.21591677218624514,0.7676289931623315,0.0,0.008337542057089108,0.00018993524112731087,0.001376578271408415,1994-10-22T00:54:58Z,ls5,qg0651yd85t0,0.00839260135002025,0.7726982461037337,0.21734263903371026
0.15015101045905238,0.8404958581375701,0.8137314134799754,0.002788497955774815,0.000534120594719004,0.0009808396375748983,1994-10-31T00:48:28Z,ls5,qg0651yd85t0,0.002802672006661573,0.8447681334816061,0.15091423427943831
0.24354619796283897,0.738322417817017,0.00016280163525195235,0.0096119443489588,5.427604798002641e-06,0.001090948564398531,1994-11-07T00:54:24Z,ls5,qg0651yd85t0,0.009683907509984388,0.743850125127133,0.245369591193686
0.15830277824337913,0.8340873281930944,0.8273289678376325,0.0026488643982567886,2.0952061682869596e-05,0.0005238015420717399,1994-11-16T00:48:19Z,ls5,qg0651yd85t0,0.002660620837402057,0.8377892530338658,0.15900537252497768
0.2112187701899977,0.741363730452946,0.7116186100358164,0.005469160660632404,0.00275368046015945,0.031218832916204062,1994-11-23T00:53:50Z,ls5,qg0651yd85t0,0.005514691681388839,0.7475356185165557,0.21297717642569192
0.0,0.0,0.9999529684164827,0.0,0.0,1.0,1994-12-02T00:47:25Z,ls5,qg0651yd85t0,0.0,0.0,0.0
0.17957695908105745,0.6840404898177942,0.0009641474621033819,0.010175941132056342,0.0792214917244114,0.04312793891581732,1994-12-25T00:52:53Z,ls5,qg0651yd85t0,0.010220860709423378,0.6870600444030462,0.1803696642473017
0.09627555900219724,0.8424955409073284,0.9300224304475236,0.0015835595191934855,0.010055577097066046,0.04549567015639137,1995-01-03T00:46:47Z,ls5,qg0651yd85t0,0.001590453982235594,0.8461635775674755,0.09669472119683142
0.1615326869505444,0.654061973155819,0.0,0.014550269527151693,0.12972757859701167,0.03399479034767194,1995-01-10T00:52:19Z,ls5,qg0651yd85t0,0.014657759744138441,0.6588938605161258,0.1627260107950523
0.07320326729884517,0.7693440991456202,0.8073333092145726,0.005091916251995117,0.031471223359308985,0.11929396300816825,1995-01-19T00:46:12Z,ls5,qg0651yd85t0,0.005101500883181689,0.770792253255183,0.073341059494158
0.16866907969256453,0.7714936917728489,0.07694005282008609,0.016982378509306544,0.0075447886087409806,0.030153678525375965,1995-01-26T00:51:43Z,ls5,qg0651yd85t0,0.01707386687551616,0.7756499233256106,0.1695777426647563
0.1092261418273656,0.5554157186719977,0.5086538113671719,0.03067460405115856,0.16489953097273458,0.13407405771170655,1995-02-27T00:50:25Z,ls5,qg0651yd85t0,0.030926504250708604,0.5599767989106658,0.1101231081541846
0.1452356498082154,0.46277332897532264,0.059160305343511466,0.044283898753160376,0.0652125010814916,0.2797977370389241,1995-03-15T00:49:46Z,ls5,qg0651yd85t0,0.04446698913679349,0.4646866507180523,0.1458361220247384
0.1602452164220695,0.7799739921976592,0.9902626533048732,0.014241129481701656,0.0024150102173509194,0.036410923276983094,1995-03-24T00:43:36Z,ls5,qg0651yd85t0,0.014341302397948636,0.7854603737024148,0.16137239040530252
0.1475667240171879,0.6565870459870482,0.1631055316377844,0.04868626959356059,0.004255898601972973,0.13948496926415535,1995-03-31T00:49:07Z,ls5,qg0651yd85t0,0.04888145609190462,0.6592193471971046,0.14815832884486246
0.13585434902452379,0.7090934430315721,0.005772222423211848,0.039142676241610254,0.007475951960322327,0.10651548590048925,1995-04-16T00:48:28Z,ls5,qg0651yd85t0,0.03922759891517186,0.710631869035342,0.13614909418867455
0.06719275711913789,0.6096886062466714,0.8267736333707174,0.011568559882209202,0.12588369203136912,0.18464333824128318,1995-04-25T00:41:54Z,ls5,qg0651yd85t0,0.011585750928440374,0.6105946122770957,0.06729260652181172
0.09647733013215717,0.39231199879774836,0.0009460583915198439,0.037840853743547384,0.3029529401753042,0.1665480710559717,1995-05-02T00:47:46Z,ls5,qg0651yd85t0,0.038118845644562444,0.3951940574076284,0.0971860857165332
0.15889336269267068,0.31945244835902276,0.9137422669223255,0.008630177204571668,0.15596099402327776,0.3539477823214847,1995-05-11T00:41:34Z,ls5,qg0651yd85t0,0.00868538533428532,0.3214960184721609,0.15990981984879127
0.19883350564722074,0.6575693305197792,0.44536919793061036,0.03988040220344344,0.010185544549934608,0.08759307396016451,1995-05-18T00:47:02Z,ls5,qg0651yd85t0,0.040144621733394864,0.6619259229767481,0.20015083677975798
0.1685328411756589,0.2343814681937353,0.8951268043847908,0.02396819373533876,0.1947012556920105,0.3743273078515248,1995-05-27T00:40:50Z,ls5,qg0651yd85t0,0.0241977752853728,0.23662651266230675,0.17014714850878515
0.17300145887105825,0.4197053080462351,0.9194041460149778,0.024183144428234767,0.2422848165189092,0.1361687801593536,1995-06-03T00:46:17Z,ls5,qg0651yd85t0,0.02436568691420923,0.4228733844944735,0.17430733191305442
0.139886088052342,0.756820246616894,0.012430809305017942,0.029050202583396217,0.001492816165642149,0.07149765179101307,1995-06-19T00:45:33Z,ls5,qg0651yd85t0,0.029089521509097962,0.7578445891825226,0.1400754213517243
0.10550905404460603,0.7826767810948752,0.8706360117217178,0.004877438299657416,0.016989442774243167,0.08999510592183459,1995-06-28T00:39:22Z,ls5,qg0651yd85t0,0.004877177120499328,0.7826348699828976,0.1055034042005254
0.14378986962342125,0.7507615061696058,0.0054773705726999244,0.03004863657528665,0.0012386502531866598,0.0728239043129038,1995-07-05T00:44:50Z,ls5,qg0651yd85t0,0.030092101900394012,0.7518474819962293,0.14399786153728625
0.10637220892167883,0.7749049689744466,0.8148854961832062,0.00928655885083305,9.771827820393804e-06,0.10792006644842918,1995-07-30T00:37:32Z,ls5,qg0651yd85t0,0.009302267444866357,0.776215752416143,0.10655214186274094
0.1869526247241417,0.6946890669657393,0.0,0.02703834882963714,0.0013856228067001917,0.08633008936000869,1995-08-06T00:43:24Z,ls5,qg0651yd85t0,0.027145595486097605,0.6974445266345652,0.1876941657126282
0.12101941025545679,0.812003774216339,0.8054122499185992,0.006990480794258729,0.00024169858327445805,0.058797828431190274,1995-08-15T00:37:12Z,ls5,qg0651yd85t0,0.006997521799537107,0.8128216468389226,0.1211413043470756
0.16578676020528263,0.7512637673076015,0.001096197677363353,0.02551726323490531,0.0018108921541286531,0.05286537465547777,1995-08-22T00:42:40Z,ls5,qg0651yd85t0,0.02559187230754547,0.7534603623135385,0.16627149856930956
0.18078396465516583,0.7281206402805537,0.0550341883434029,0.017639338739194012,0.006338103660824356,0.06326426695457087,1995-09-07T00:41:54Z,ls5,qg0651yd85t0,0.017712704355678455,0.7311490429003489,0.18153588212857752
0.12570986445923524,0.8222992523817514,0.805951304221989,0.0049501277103492,0.0003076234688740981,0.0459477599418312,1995-09-16T00:35:40Z,ls5,qg0651yd85t0,0.004954207309671272,0.8229769422654978,0.12581346701412557
0.17520440710750376,0.7594813873665449,0.046109040917477695,0.02081432878842471,0.001729467316481141,0.0395956990878577,1995-09-23T00:41:06Z,ls5,qg0651yd85t0,0.020883485728412702,0.7620048129000799,0.17578653496716856
0.11427723310591578,0.8084597576161496,0.7937230925075069,0.005445744251714401,1.753862882999807e-05,0.06954066331094234,1995-10-02T00:34:27Z,ls5,qg0651yd85t0,0.005458998408847189,0.8104274322199665,0.11455536743141394
0.2309574810369929,0.7256705222770087,0.550229731196411,0.011595828540632711,0.007830535468665793,0.01682740647195566,1995-10-09T00:40:15Z,ls5,qg0651yd85t0,0.01168107921084762,0.7310055354813296,0.23265544336720137
0.1585058789479396,0.8089654317861147,0.0,0.014240421837126009,0.001074490792663073,0.014567128540935568,1995-10-25T00:39:22Z,ls5,qg0651yd85t0,0.014278813336463254,0.8111463640782538,0.1589332032516842
0.13713306320321267,0.8302969140045585,0.0,0.01246803661227886,0.0032686950544481026,0.015379327810137115,1995-11-26T00:39:19Z,ls5,qg0651yd85t0,0.012486536565940573,0.8315289006366334,0.13733653993284065
0.05057005033557047,0.9045741850431451,0.6981295901016606,0.002184683604985618,0.0015999520613614573,0.04304889741131352,1995-12-05T00:33:38Z,ls5,qg0651yd85t0,0.00218017021545416,0.9027054038393665,0.05046557647250445
0.037833088786053626,0.4503037174606759,0.6474114539994935,0.0035925876522435074,0.1554807662709447,0.3534563252239403,1996-02-23T00:39:19Z,ls5,qg0651yd85t0,0.0035877182927419537,0.4496933800388922,0.03778181017348075
0.1403268333273037,0.512190767338374,0.0,0.01326487826055497,0.2436000868275388,0.08749683441264788,1996-03-17T00:47:00Z,ls5,qg0651yd85t0,0.013327052286160325,0.514591464974478,0.14098456149917502
0.12468792426189744,0.630516228300418,0.0007054737527585342,0.025622830041815252,0.08122658074326158,0.13622178375540792,1996-04-18T00:49:01Z,ls5,qg0651yd85t0,0.025679424510309024,0.6319088820689176,0.12496332892210388
0.028790744978387996,0.7178084583439274,0.7865670561846532,0.002982795152131537,0.10594965675057208,0.14520722095092806,1996-04-27T00:43:22Z,ls5,qg0651yd85t0,0.0029798549584234093,0.7171009019060153,0.028762365434061167
0.0561867920000662,0.5940168471919967,0.7813917730906986,0.006658033446144426,0.011170780547947472,0.3322686614095043,1996-05-13T00:44:19Z,ls5,qg0651yd85t0,0.006654981310310456,0.5937445415449972,0.05616103518724056
0.228375,0.7505,0.9998552874353316,0.011250000000000001,0.0,0.0,1996-05-29T00:45:37Z,ls5,qg0651yd85t0,0.011362201742204269,0.7579851028910491,0.23065269536674662
0.06772569951515861,0.4218478737075765,0.009066242176477002,0.02877044511945792,0.30039539400665927,0.17809159413517145,1996-06-05T00:51:48Z,ls5,qg0651yd85t0,0.02894633863960871,0.4244269199185914,0.06813975329996916
0.03988045007032348,0.25101265822784813,0.9974277341630187,0.006322081575246132,0.4641350210970464,0.24050632911392406,1996-06-14T00:46:06Z,ls5,qg0651yd85t0,0.006282591003225856,0.24944471998792406,0.03963133879787967
0.14454024818204853,0.697229477949423,0.0,0.02347009876632539,0.023868528634998734,0.10857964617777939,1996-07-07T00:53:29Z,ls5,qg0651yd85t0,0.023532813026093752,0.6990925391590767,0.14492647300205136
0.09415544626300089,0.7242384316933551,0.08012915596396653,0.023016756370901607,0.03841517492817434,0.11709008245448092,1996-07-23T00:54:20Z,ls5,qg0651yd85t0,0.023101122037602707,0.7268930567480658,0.0945005638316762
0.07587711970074813,0.7608327306733168,0.7098513078398032,0.00516215710723192,0.04012468827930175,0.11702618453865336,1996-08-01T00:49:02Z,ls5,qg0651yd85t0,0.005168148570735884,0.7617157920454831,0.07596518656582593
0.14968065417770976,0.7305705421027401,0.00011757895879305202,0.02139090555490227,0.015486065254950204,0.08043165597778401,1996-08-08T00:55:11Z,ls5,qg0651yd85t0,0.02144879725514737,0.7325477361360997,0.1500857453760186
0.16449228491694926,0.6921694350235451,0.0004811692775225085,0.02129768312237356,0.0038077726339869043,0.11443949369654369,1996-08-24T00:56:01Z,ls5,qg0651yd85t0,0.02138970235806482,0.6951600374291564,0.16520299388224818
0.05821228722745897,0.77717189220176,0.7223164863789299,0.003497123947130136,0.0670775003419995,0.09418991720355158,1996-09-02T00:50:21Z,ls5,qg0651yd85t0,0.003496503960136359,0.777034111421788,0.05820196707252461
0.14565818770015154,0.7112408004718148,0.0583860931225354,0.019850905688867198,0.013485917589901315,0.10808713209091275,1996-09-09T00:56:55Z,ls5,qg0651yd85t0,0.019888876710960006,0.7126012693880099,0.14593680422021607
0.12002894259718223,0.7461155375172573,0.8912503165587352,0.00787138841298092,0.007102579883231591,0.11774979623746237,1996-09-18T00:51:14Z,ls5,qg0651yd85t0,0.00788158100362366,0.747081675871396,0.12018436700428642
0.20603643005286817,0.7006873132973543,0.342379074563149,0.025522629873523574,0.0020932701776391434,0.06149703201245509,1996-09-25T00:57:48Z,ls5,qg0651yd85t0,0.02563661153707078,0.7038165169096712,0.20695656936316378
0.053155358998170296,0.8567723724496835,0.8032614594262146,0.0028468844530668163,0.023740127435385845,0.06204429896746076,1996-10-04T00:52:29Z,ls5,qg0651yd85t0,0.0028513787060745898,0.8581249218331722,0.05323927305790653
0.23417905510182982,0.6057860022743718,0.9125122101226439,0.024431510389744646,0.08173265791378062,0.047100175746924426,1996-10-11T00:58:38Z,ls5,qg0651yd85t0,0.02462287619978839,0.610530970030727,0.23601332010877962
0.13635204432694742,0.7868195234128855,0.001012987952679012,0.018174066562850838,0.008749502046137688,0.04712454278781733,1996-10-27T00:59:26Z,ls5,qg0651yd85t0,0.018227744759886554,0.7891434421276786,0.13675476827847985
0.06544035318429456,0.8844199699417622,0.8074237545674903,0.0047669547247792595,0.011337591583693405,0.031720834116099945,1996-11-12T01:00:11Z,ls5,qg0651yd85t0,0.00477851122085876,0.8865640632896882,0.06559899978965966
0.04781012997055587,0.8937416351901969,0.7567164719076733,0.0018792939356987776,0.00711566487226006,0.05024834190881242,1996-11-21T00:54:48Z,ls5,qg0651yd85t0,0.0018777101819441122,0.8929884445138768,0.04776983852310662
0.1393244636590572,0.8313913751311457,0.0,0.01073910133497341,0.0009569118338699757,0.013286422343619984,1996-11-28T01:00:56Z,ls5,qg0651yd85t0,0.010786170911262908,0.8350353708936891,0.13993512401755823
0.05899042692194875,0.8754108557105142,0.7286567056184654,0.0020082797792058877,0.004486547025412656,0.05830511186368364,1996-12-07T00:55:35Z,ls5,qg0651yd85t0,0.0020099928876299434,0.8761576011226602,0.05904074710061359
0.16223287869469266,0.8067598133207913,0.0,0.013419232299844432,0.00011215223761803119,0.011461235121739445,1996-12-14T01:01:42Z,ls5,qg0651yd85t0,0.013501389791880985,0.8116990946043475,0.163226128244414
0.13850636949830375,0.8293426048664315,0.9194873557396621,0.01642926149767463,0.00013480419690399694,0.009391359050978454,1996-12-23T00:56:21Z,ls5,qg0651yd85t0,0.016532676511279036,0.8345629537407321,0.13937820650010638
0.13248959159668464,0.8362980550920485,0.008076770015556622,0.00935667587602921,0.002963408740688058,0.01609723627941753,1996-12-30T01:02:28Z,ls5,qg0651yd85t0,0.009383412433987052,0.8386877639711691,0.13286817857473854
0.028696723067037914,0.9497414863996573,0.8310842588907782,0.004639751552795031,9.638038123795246e-05,0.01541015206682373,1997-01-08T00:56:43Z,ls5,qg0651yd85t0,0.004646432201626896,0.9511089926722437,0.028738042678067663
0.1469500953304366,0.7190060309615895,1.0853442350078346e-05,0.010128035831219902,0.055834331257891445,0.06605657599120138,1997-01-15T01:03:13Z,ls5,qg0651yd85t0,0.010151445191689314,0.7206679002162952,0.14728974734292263
0.048873400872587444,0.79852689245483,0.7064577981983285,0.0032543937489215905,0.018222041460228253,0.13143040252409474,1997-01-24T00:57:51Z,ls5,qg0651yd85t0,0.003253218741695858,0.7982385822683669,0.04885575500561439
0.15496241091132731,0.8020982598314098,0.0,0.010771878730870803,0.002206866611193517,0.026053688361491988,1997-01-31T01:03:56Z,ls5,qg0651yd85t0,0.010815362084619955,0.8053361279178629,0.15558795502483164
0.047243622181355915,0.8507978598669512,0.7068738468217504,0.0023013835577552055,0.01273712402651099,0.0882712316255878,1997-02-25T00:58:49Z,ls5,qg0651yd85t0,0.002297929675345277,0.8495209950207169,0.047172719651838994
0.19030353512598766,0.7414041823716223,0.1769382439130277,0.010926539268799246,0.01601740640212745,0.0357974088196833,1997-03-04T01:05:16Z,ls5,qg0651yd85t0,0.010990882817172982,0.745770118803951,0.1914241831570653
0.07882047640889984,0.9038397350910151,0.7121142505698057,0.002292003091442611,6.91176193378532e-05,0.01253542277991065,1997-03-13T00:59:51Z,ls5,qg0651yd85t0,0.0022976885704249655,0.9060817747446539,0.07901599628567275
0.16979621057693883,0.8089700136078214,0.007002279222893537,0.008963400971674959,0.00038254919855942903,0.006618101135078122,1997-03-20T01:05:54Z,ls5,qg0651yd85t0,0.009011222412471837,0.8132860217541096,0.17070210549978107
0.1252273905204068,0.6857100570118768,0.00879852393184033,0.007946039463022579,0.14174130769623838,0.03719459226653235,1997-04-05T01:06:29Z,ls5,qg0651yd85t0,0.007967199051120125,0.687536041192831,0.1255608597932783
0.12854443756538075,0.7837157618325825,0.9152689844795774,0.003881428662923506,0.049123631007023764,0.03264234324630132,1997-04-14T01:01:01Z,ls5,qg0651yd85t0,0.0038902935502980085,0.7855057089282572,0.1288380232681198
0.22285865406439473,0.5571775396387926,0.5536919793061033,0.0039276450179955265,0.10839872247981583,0.10207191725300736,1997-04-21T01:07:04Z,ls5,qg0651yd85t0,0.003955528182872529,0.5611330583102431,0.22444077377406124
0.1570256927756765,0.7384431876755988,0.003342860243840673,0.006264819264862826,0.0013358210580573968,0.09408463587986322,1997-05-07T01:07:37Z,ls5,qg0651yd85t0,0.006284590838470474,0.7407736912740157,0.1575212609495932
0.1395159545602547,0.5293763792916321,0.0,0.00904430013385912,0.24960565826127853,0.07045512101588221,1997-05-23T01:08:11Z,ls5,qg0651yd85t0,0.009071016488436204,0.5309401273809885,0.13992807685341455
0.15206698930208862,0.04915562913907285,0.9857964617777939,0.012258023433520122,0.5918237391747325,0.19179826795720836,1997-06-01T01:02:19Z,ls5,qg0651yd85t0,0.012424388852230094,0.04982276743163895,0.1541308365841901
0.15142196226470847,0.7770641935817499,0.020556419811150084,0.00887362962087409,0.042383868680003545,0.0180328595490677,1997-06-08T01:08:44Z,ls5,qg0651yd85t0,0.008894678522513669,0.778907446960262,0.15178114628815295
0.08254672203018908,0.6695762226715072,0.7503762526681379,0.003624861410030653,0.1773444350239498,0.06696522388167858,1997-06-17T01:02:50Z,ls5,qg0651yd85t0,0.0036245857853815923,0.6695253099080888,0.0825404454009012
0.17094830143627218,0.7355589341919612,0.0,0.011965467964255998,0.04657031221735827,0.03297456676675952,1997-06-24T01:09:17Z,ls5,qg0651yd85t0,0.01199129404714187,0.7371465533355361,0.17131727363320426
0.1721261801523392,0.6881400390718064,0.4685105459281502,0.009612583299865899,0.0743079048935055,0.05195733413201369,1997-07-10T01:09:50Z,ls5,qg0651yd85t0,0.009655193513723749,0.6911903943524111,0.17288917310834595
0.09690849890900194,0.737165240325464,0.7338862559241706,0.0031975420255178004,0.07394995683590165,0.08881608015607051,1997-07-19T01:03:57Z,ls5,qg0651yd85t0,0.0031973995069797603,0.7371323839277977,0.0969041795732503
0.20173199233023412,0.7181292283202492,0.0,0.01465482435512464,0.014684707499728665,0.04716725154661554,1997-07-26T01:10:22Z,ls5,qg0651yd85t0,0.014711780319617307,0.7209202370582729,0.20251602357576576
0.2049350994658094,0.7127260641512172,0.9251637060887812,0.0037654395591114557,0.013270165091489207,0.06183075100916101,1997-08-04T01:04:29Z,ls5,qg0651yd85t0,0.0037796299636844977,0.7154120377384401,0.20570741619722513
0.17959073575899206,0.7226151100966459,0.0014561701819760797,0.015948026774634746,0.01595065351485014,0.06285155294693079,1997-08-11T01:10:54Z,ls5,qg0651yd85t0,0.016000898666358877,0.7250107687194428,0.18018612615241733
0.10477361277258358,0.8106205850313767,0.7293278101371152,0.002636183194883482,0.03151711186703468,0.05058376160338963,1997-08-20T01:05:24Z,ls5,qg0651yd85t0,0.0026358062892458266,0.8105046873695256,0.10475863287080431
0.18222009716593032,0.7524613786318521,0.04757063782062876,0.012860754156521477,0.00469875902621353,0.04503705448205393,1997-08-27T01:11:24Z,ls5,qg0651yd85t0,0.01289769859313439,0.7546229362954385,0.18274355160315958
0.13226890756302523,0.8566218487394958,0.9989237003002785,0.006084033613445379,0.0,0.0,1997-09-05T01:05:29Z,ls5,qg0651yd85t0,0.006114761574973397,0.8609482947923177,0.13293694363270894
0.14767335116878566,0.6702816722849426,0.4435313483593213,0.012296222373198707,0.12391630123493712,0.041959905990046384,1997-09-12T01:11:51Z,ls5,qg0651yd85t0,0.012353575732996358,0.6734080719831232,0.1483621450588969
0.1120582904994766,0.7923280266220881,0.7684345718316993,0.004351086599903136,0.024684800099989062,0.06406330557595263,1997-09-21T01:06:19Z,ls5,qg0651yd85t0,0.0043631261245465685,0.794520410658391,0.11236835754112073
0.19509578162873992,0.7751665098947214,0.0,0.014087080785789225,0.0014706414384428928,0.009111464852935855,1997-09-28T01:12:19Z,ls5,qg0651yd85t0,0.014159616688616018,0.7791579261073002,0.19610035091270503
0.062386376276389856,0.7971223480382342,0.7560634564596072,0.0034999592148487616,0.059464750506106646,0.07815918073754384,1997-10-07T01:06:47Z,ls5,qg0651yd85t0,0.003497393625478806,0.7965380301941849,0.062340644936685743
0.15059573758849829,0.6459117408349455,0.0015050106725515988,0.01598386196801381,0.027004210236454416,0.1581719167807996,1997-10-14T01:12:44Z,ls5,qg0651yd85t0,0.016029749077354674,0.6477660500585583,0.15102807384683312
0.05249133880139814,0.829758566677726,0.7655638363300894,0.0031018279179944605,0.0185492395892007,0.09896528576168394,1997-10-23T01:07:13Z,ls5,qg0651yd85t0,0.003091785986557066,0.8270722865692034,0.05232140209335487
0.16252968784865535,0.7485077226846478,0.03531167468615459,0.0215743701000752,0.010673187086418689,0.05198584658887416,1997-10-30T01:13:11Z,ls5,qg0651yd85t0,0.021683771680127525,0.7523033341979027,0.16335386044667674
0.17148449535923252,0.7907775277573291,0.046582974566766744,0.013296993936266292,0.004540211130252643,0.015466694999506704,1997-11-15T01:13:34Z,ls5,qg0651yd85t0,0.013357430969314478,0.7943717421946602,0.17226392070626606
0.1521319416808364,0.7907099779313337,0.0,0.013553923519409572,0.009863970189211679,0.031143952823703917,1997-12-01T01:13:57Z,ls5,qg0651yd85t0,0.013590717024283862,0.7928564406427031,0.15254491932009734
0.04962530175797159,0.7021852460715926,0.755721573025578,0.0030821522193095483,0.0694968972615927,0.17676722797351935,1997-12-10T01:08:00Z,ls5,qg0651yd85t0,0.00307742901610973,0.7011091916248549,0.049549254123923296
0.15445949857096342,0.7752712998806119,0.0,0.018650464889113996,0.013443797257696899,0.03380304619948627,1997-12-17T01:14:21Z,ls5,qg0651yd85t0,0.018736440692113325,0.7788451825128071,0.15517153333789643
0.0569357982443089,0.7851644844517185,0.7568467132158749,0.0032719833358131225,0.026201458116351734,0.12725784853444427,1997-12-26T01:08:47Z,ls5,qg0651yd85t0,0.0032765056922531644,0.7862496958658133,0.057014491791137455
0.13652576569693967,0.8016857320497554,0.1097174487174849,0.011091806423036128,0.005453444569515163,0.04095366197583742,1998-01-02T01:14:44Z,ls5,qg0651yd85t0,0.011141926646755602,0.8053082860964609,0.13714268071143104
0.06415227970569491,0.9100730693470829,0.7502116421258276,0.0031367678581773945,0.0016656045420311684,0.019364463240831933,1998-01-11T01:08:45Z,ls5,qg0651yd85t0,0.0031419280166151455,0.9115701904092995,0.06425781379122225
0.16732884121413846,0.8094774610180528,0.0,0.012070583553417032,0.0010545928150211643,0.004507796389421511,1998-01-18T01:15:05Z,ls5,qg0651yd85t0,0.012138459743886222,0.8140293740288388,0.16826977702283222
0.12005850828808029,0.8700305725403,0.7461705437574617,0.0017045082025626771,0.0009264406151565684,0.004211741565827169,1998-02-12T01:09:50Z,ls5,qg0651yd85t0,0.0017097812968783197,0.8727221132789131,0.12042992324322489
0.21266703447776858,0.7690178177345247,0.0,0.010378242465902097,0.00014833037878513803,0.0014742592525596036,1998-02-19T01:15:44Z,ls5,qg0651yd85t0,0.010444298243597465,0.7739124875381015,0.21402062458695628
0.1693308240432134,0.8212142282496265,0.8740855974820014,0.0025587576140673482,0.000272957131364211,0.0009768992069877026,1998-02-28T01:09:42Z,ls5,qg0651yd85t0,0.0025733055388083305,0.8258832765108289,0.17029356161201084
0.1713123707254575,0.8193483748731004,0.6667975109438877,0.0037551370513732286,0.00020086753057800989,0.0007383238961786309,1998-03-07T01:15:59Z,ls5,qg0651yd85t0,0.003772677331792959,0.8231755588240748,0.17211257241737565
0.0726700002994281,0.9216445339401741,0.7583517238884266,0.0029129861963649428,0.00019462826002335538,0.001557026080186843,1998-03-16T01:09:58Z,ls5,qg0651yd85t0,0.0029159681134550337,0.9225879876339041,0.07274438991243079
0.10734727724179763,0.881561344983794,0.8091277450164611,0.002717356280445043,0.00035065107375045014,0.004492124566424686,1998-04-01T01:10:09Z,ls5,qg0651yd85t0,0.0027270329663191296,0.884700643380377,0.10772954801312883
0.20792831235331777,0.7794385496357704,0.05042509315871346,0.006012127007833218,5.714895303118047e-06,0.0009200981438020055,1998-04-08T01:16:26Z,ls5,qg0651yd85t0,0.006046595477443932,0.7839071934163384,0.20912039806711247
0.0,0.9087500000000001,0.9999710574870663,0.09000000000000002,0.0,0.0,1998-04-17T01:10:21Z,ls5,qg0651yd85t0,0.09011264080100127,0.9098873591989988,0.0
0.16003675699142583,0.7394551029268114,0.0,0.009903368184942658,0.05129698636084078,0.036431388155276585,1998-04-24T01:16:38Z,ls5,qg0651yd85t0,0.009934692323696629,0.7417939833777704,0.16054294978241557
0.0,0.0,0.9999674396729497,0.0,0.0,1.0,1998-05-03T01:10:36Z,ls5,qg0651yd85t0,0.0,0.0,0.0
0.24257656807379083,0.6361384853725097,0.41735284541080275,0.010163924756053263,0.07315142238876866,0.03264213797621228,1998-05-26T01:17:09Z,ls5,qg0651yd85t0,0.010224841842034859,0.6399511565344602,0.244030441258524
0.05855456481961929,0.45907358603927134,0.7350530009768098,0.006116626157249365,0.4004765546057842,0.07499248982712947,1998-07-06T01:11:30Z,ls5,qg0651yd85t0,0.0061258076527029,0.459762688484753,0.05864245942963039
0.2290610103004403,0.6035313321296669,0.582213016895192,0.022079485281064775,0.062369837331843904,0.0772294889613398,1998-07-29T01:17:53Z,ls5,qg0651yd85t0,0.02222748357320114,0.607576789044488,0.23059640108912718
0.08369744805209749,0.7004166570786448,0.7641709778951558,0.0047287356850833386,0.17035230227581288,0.040200658121821574,1998-08-07T01:11:45Z,ls5,qg0651yd85t0,0.004732357567941325,0.7009531275546164,0.0837615544798078
0.15141218077514026,0.6169012028038147,0.005164429651604463,0.029520224014255452,0.11099069940814416,0.08850381387906503,1998-08-14T01:18:00Z,ls5,qg0651yd85t0,0.029619084816054665,0.618967154183812,0.15191924771292398
0.06894340138612338,0.6709359323858927,0.788327122752433,0.005457070340206978,0.15613970619653555,0.1002418452019792,1998-08-23T01:12:19Z,ls5,qg0651yd85t0,0.0054444921218189885,0.6693894654804324,0.0687844909992339
0.19012514742497708,0.6551756480632117,0.2545964328352809,0.031218033654149505,0.02584972602008377,0.09541004770987735,1998-08-30T01:18:11Z,ls5,qg0651yd85t0,0.031297150779744674,0.6568360862128074,0.19060698927748665
0.06162136295916253,0.673096010971555,0.816661842914511,0.01114125876885736,0.10300632443045593,0.15009915838702356,1998-09-08T01:12:03Z,ls5,qg0651yd85t0,0.011156732286992248,0.6740308392120948,0.061706945683433365
0.15586551944856583,0.728518279394843,0.02218805397778667,0.025381996988274994,0.022003352116532298,0.06580286150874844,1998-09-15T01:18:18Z,ls5,qg0651yd85t0,0.025449736673514033,0.7304625550544726,0.15628149464673258
0.19001895135818064,0.7987014810135468,0.9742285011396115,0.004697831122341546,0.0,0.0,1998-09-24T01:12:11Z,ls5,qg0651yd85t0,0.004728955863785158,0.8039931520931971,0.1912778920430177
0.20472466081404633,0.7375125820479829,0.7778770666763142,0.02675627473655064,0.004031141586722478,0.018298939687606885,1998-10-01T01:18:21Z,ls5,qg0651yd85t0,0.026995851336460496,0.7441162949541158,0.20655777243509452
0.14300575232444562,0.7466477515285266,0.0,0.02116811982200354,0.01779240982598314,0.07057993560290872,1998-10-17T01:18:21Z,ls5,qg0651yd85t0,0.021186852533377612,0.7473084968826296,0.14313230515510095
0.06791384935027064,0.7978869671399151,0.8014941572302015,0.005266270571725382,0.026016512055987897,0.10217062457854162,1998-10-26T01:12:13Z,ls5,qg0651yd85t0,0.005270779363136353,0.7985700892574307,0.06797199474490352
0.04532943652627486,0.6418366086339824,0.8418617271444593,0.026229324426345766,0.09789297888403377,0.18410697536089313,1998-11-02T01:18:26Z,ls5,qg0651yd85t0,0.02639862401847944,0.64597940218413,0.04562201955246364
0.05521794181887246,0.5775119496059005,0.7714192684779856,0.0041029090563768165,0.10638314709885727,0.25780285524358204,1998-11-11T01:12:22Z,ls5,qg0651yd85t0,0.004096345237226159,0.5765880480661709,0.05512960435416378
0.059162338777613295,0.5868391824583502,0.7788267428819508,0.009108114076339872,0.10282246522012939,0.24069878710057332,1998-11-27T01:12:23Z,ls5,qg0651yd85t0,0.009127149106432145,0.588065616537216,0.05928598203564918
0.06518416407344725,0.6284833760987063,0.8011974964726313,0.009894178449891721,0.09396553292933704,0.20016014267256282,1998-12-13T01:12:18Z,ls5,qg0651yd85t0,0.009926700592053393,0.6305491995328847,0.06539842427316192
0.12777379617235268,0.5172025795014651,0.0,0.03146883253138454,0.11697478383560653,0.2035237509496762,1998-12-20T01:18:33Z,ls5,qg0651yd85t0,0.03161101232486771,0.5195393600562931,0.12835109283355634
0.0849402487602634,0.5586173888301764,0.9109945371006838,0.011201325095520692,0.1789895130477197,0.1634826436875051,1998-12-29T01:12:27Z,ls5,qg0651yd85t0,0.011248693872859372,0.5609797006534082,0.08529944873850759
0.17161931829799415,0.6380354550473347,0.5576589124850766,0.027322142024659057,0.03787187928108451,0.11887459872819842,1999-01-05T01:18:36Z,ls5,qg0651yd85t0,0.027527034578294984,0.6428201719109292,0.17290631550149294
0.10664709560867149,0.871166620344636,0.9479324192322999,0.01701709282934964,0.0,0.0,1999-01-14T01:12:21Z,ls5,qg0651yd85t0,0.017105514504695444,0.8756932461818859,0.10720123931341868
0.13968215915382357,0.6478837810160342,0.00022068666111940693,0.02515332061994073,0.010465027917596952,0.17394852161578295,1999-01-21T01:18:33Z,ls5,qg0651yd85t0,0.0252420589391842,0.6501694481317664,0.14017494339566966
0.06941629599197287,0.83439002615133,0.771044824716906,0.009497041186369706,0.0068815131428210255,0.07927566346161442,1999-01-30T01:12:48Z,ls5,qg0651yd85t0,0.009502650795038505,0.8348828745482155,0.0694572980523105
0.045194139671556194,0.7009297613687525,0.6946637241778517,0.005181461646010568,0.030291002156449205,0.2206213417379559,1999-03-03T01:12:33Z,ls5,qg0651yd85t0,0.005166166983998518,0.6988607537167174,0.04506073540487904
0.10266820520408858,0.6491220092426072,0.36432111718099924,0.019662878184260248,0.04024005736790584,0.18466148382543765,1999-03-10T01:18:37Z,ls5,qg0651yd85t0,0.01975579166368564,0.652189321356589,0.10315334578638177
0.04112518237525532,0.8637712933242548,0.721039397995731,0.004573031157799177,0.014175015400577116,0.07827383847226276,1999-03-19T01:12:43Z,ls5,qg0651yd85t0,0.004563385179209763,0.8619493246750043,0.041038436272946156
0.08323349675860306,0.6898350256755814,0.8443001338591223,0.009667030694518672,0.05437181959709088,0.16243000209122382,1999-04-04T01:12:28Z,ls5,qg0651yd85t0,0.009672744261285978,0.6902427432676915,0.08328269078270772
0.10874082110743734,0.6513925550582025,0.4031167468615463,0.017355145483363598,0.09804860456588346,0.12099015362049162,1999-04-11T01:18:15Z,ls5,qg0651yd85t0,0.017432663751481805,0.6543020566110193,0.10922652145112392
0.04871888528138528,0.7383014455782313,0.7191997395173836,0.007395640074211504,0.011595547309833023,0.19537208822923108,1999-04-20T01:12:30Z,ls5,qg0651yd85t0,0.007382759346919691,0.7370155718087917,0.048634033305224506
0.14353606546977096,0.5961275983844021,0.14458594117434242,0.026307090443866452,0.022206009854300154,0.20931294804288525,1999-04-27T01:18:15Z,ls5,qg0651yd85t0,0.026393305704631692,0.5980812654557848,0.14400647094239816
0.02487680789753064,0.7863251940603067,0.8688017799645454,0.003484261467826663,0.0021370762040011583,0.18486398544030663,1999-05-06T01:12:24Z,ls5,qg0651yd85t0,0.003477045092653869,0.7846966085880177,0.024825284675020574
0.06957325340096841,0.47454433940511875,0.8038692521978221,0.006721697025593729,0.32885404657597417,0.11962185842748443,1999-06-07T01:11:21Z,ls5,qg0651yd85t0,0.006730053460809454,0.47513429444387295,0.06965974709185908
0.1169110741290112,0.5766103071524185,0.0,0.02093782786440434,0.1666274736804023,0.11587677725118484,1999-06-14T01:17:30Z,ls5,qg0651yd85t0,0.021026816220056387,0.5790609722079254,0.11740796064043113
0.06512945513427848,0.6893727067578508,0.7899822727108281,0.00545365282251813,0.13016140979483556,0.11097138722847151,1999-06-23T01:11:39Z,ls5,qg0651yd85t0,0.0054458406440172635,0.6883852030031965,0.06503615932947912
0.14198137536339195,0.6875363756734378,0.008165406461416058,0.015493410613781362,0.04465389764109822,0.10852334280493009,1999-06-30T01:17:20Z,ls5,qg0651yd85t0,0.015526626542111826,0.6890103673947082,0.1422857656171516
0.056874944051562085,0.46426461373198463,0.9595853985022249,0.0055563512666726355,0.23668427177513204,0.2368185480261391,1999-07-09T01:11:31Z,ls5,qg0651yd85t0,0.005554254786926486,0.4640894409769104,0.05685348443489194
0.169839242429724,0.6830387287001194,0.0,0.01686151007561232,0.015996165117036287,0.11033971274555913,1999-07-16T01:17:16Z,ls5,qg0651yd85t0,0.016937596506143793,0.6861208950392252,0.1706056305920356
0.10627888622737909,0.7413565623139444,0.7387106110488043,0.004635573155366019,0.042804923639283884,0.10323581130664747,1999-07-17T01:26:09Z,ls7,qg0651yd85t0,0.00464475565176442,0.7428250978618084,0.10648941154049583
0.152394059215318,0.6826553898072352,0.0040754676024745695,0.015201274322652829,0.019105758245590455,0.1273977554048826,1999-07-24T01:32:21Z,ls7,qg0651yd85t0,0.015259303951396783,0.6852613712525893,0.15297581114554076
0.08899459911271138,0.7415771876808331,0.7186606852139936,0.00418440172314023,0.049013052144280846,0.11635697293126727,1999-07-25T01:11:29Z,ls5,qg0651yd85t0,0.0041837690493366836,0.7414650625812379,0.08898114329387725
0.18100259234258503,0.678475421118247,0.17730726095293226,0.009232851291004197,0.03801662705227121,0.0894655024944976,1999-08-01T01:17:15Z,ls5,qg0651yd85t0,0.009273312989978142,0.6814487461925124,0.18179581127074051
0.18705281019408782,0.6977371918139044,5.24583046923599e-05,0.014163399910635305,0.00482279921344595,0.09233145981030806,1999-08-09T01:32:26Z,ls7,qg0651yd85t0,0.014224725397076733,0.7007582935949911,0.1878627219841782
0.1454254449770194,0.7396424535027268,0.6878966028725444,0.003990390466972302,0.013353657476367388,0.09576496635504268,1999-08-10T01:11:25Z,ls5,qg0651yd85t0,0.003998573091172604,0.7411591512519058,0.14572365182551147
0.16196181556064987,0.7409099800569751,0.004979921131652243,0.01348104867225266,0.006601014058287445,0.07398553267147456,1999-08-17T01:17:07Z,ls5,qg0651yd85t0,0.013526075234769577,0.7433846116933926,0.1625027663420757
0.09283486828318847,0.8172180173396646,0.49070040881299515,0.004035716442136593,0.008083792989547187,0.07567367901374884,1999-08-25T01:32:27Z,ls7,qg0651yd85t0,0.004045226061092705,0.8191436808644428,0.09305362107116846
0.10513288832994744,0.8033657734352326,0.7195199160667125,0.0036812098932636813,0.011389506949147078,0.07597949114830221,1999-08-26T01:11:08Z,ls5,qg0651yd85t0,0.003683030482787037,0.8037630882727308,0.10518488314703295
0.18065017546398468,0.7272989942476755,0.0,0.013799464563510735,0.004079085416591296,0.06973698491371513,1999-09-02T01:16:42Z,ls5,qg0651yd85t0,0.013865865206104088,0.7307986315236931,0.18151943293989642
0.08027464507556668,0.8163296002722886,0.7236369885315292,0.002400133526204517,0.006329403910223264,0.09477087819661079,1999-09-03T01:26:18Z,ls7,qg0651yd85t0,0.002399854105619888,0.8162345641871427,0.08026529960040332
0.1749296031471991,0.72213394218496,0.06749755797547119,0.011595228765523583,0.01082043661955438,0.07685652543326363,1999-09-18T01:16:12Z,ls5,qg0651yd85t0,0.01164198776769618,0.7250460246677076,0.17563502551177823
0.08684184224644122,0.8414359204250659,0.7538565898484135,0.004139763215332947,0.008341111021290043,0.058505361092942756,1999-09-19T01:26:38Z,ls7,qg0651yd85t0,0.00414303092954571,0.842100106266932,0.0869103906892894
0.13891151747557637,0.7149618884207471,0.03957707752975648,0.008828532737159117,0.017276872571528663,0.11757050218385846,1999-09-26T01:32:31Z,ls7,qg0651yd85t0,0.00885361204439836,0.7169928882933063,0.13930612490690825
0.0872691315769003,0.8511091497675308,0.6976972613147137,0.004041311879558878,0.006779600165151778,0.049389955660337846,1999-10-05T01:26:48Z,ls7,qg0651yd85t0,0.004047361932791663,0.8523833042541096,0.08739977798760909
0.13412258920459233,0.8005189663004874,0.29918599182374006,0.008967126455769388,0.004511852647228876,0.04745446848930371,1999-10-12T01:32:33Z,ls7,qg0651yd85t0,0.009009177263006252,0.804272952475144,0.13475154912531728
0.1526938099485636,0.7926286597849026,0.07930610325241494,0.012680567725913501,0.006874560393573003,0.03050426541029278,1999-10-20T01:16:05Z,ls5,qg0651yd85t0,0.012741695502515594,0.7964495949899356,0.15342988370368293
0.09143474249287033,0.826310462450372,0.7412105206034514,0.006411885589666165,0.009694961695464967,0.06377565285466644,1999-10-21T01:26:13Z,ls7,qg0651yd85t0,0.0064283447866450285,0.8284315868024792,0.09166945386074427
0.06643500520944198,0.8359252080976013,0.6770702941282877,0.005028399861081546,0.004335600094106049,0.08524439564871557,1999-10-28T01:32:25Z,ls7,qg0651yd85t0,0.005045198668461175,0.8387178552502859,0.06665695033843141
0.05032577458725523,0.3437367508638844,0.8445262472414168,0.0027474432512303816,0.4825419725651258,0.1187797414745954,1999-11-06T01:26:15Z,ls7,qg0651yd85t0,0.002760379155180034,0.3453551812322458,0.050562725572852865
0.15100393683755134,0.421290914990266,0.16374226692232552,0.012448020765736536,0.18433701059917804,0.22695219554401905,1999-11-13T01:32:25Z,ls7,qg0651yd85t0,0.012532489971941061,0.42414969148494847,0.15202861239991347
0.04298834532634899,0.32853709376302764,0.8004015773669548,0.0033292853129361435,0.35513222526327237,0.2697703503652281,1999-11-14T01:09:07Z,ls5,qg0651yd85t0,0.0033314408611799383,0.32874980534792264,0.04301617816239695
0.06452854527296938,0.4976266020306258,0.8261133822944178,0.00668025965379494,0.1334990845539281,0.2953145805592543,1999-11-22T01:26:34Z,ls7,qg0651yd85t0,0.006707868358885814,0.49968323258285785,0.06479523394507399
0.04359253499222395,0.4218299637117677,0.9930212365688651,0.017711249351995854,0.14955935717988594,0.3634007257646449,1999-11-29T01:32:19Z,ls7,qg0651yd85t0,0.017854445999796246,0.4252404874723899,0.04394498358328308
0.04479897429403571,0.5120667975180446,0.7143012192033573,0.005235785741420793,0.0730973787514246,0.3644231986830442,1999-12-08T01:26:40Z,ls7,qg0651yd85t0,0.0052393054261033615,0.5124110273533906,0.04482908978603724
0.042977054744619395,0.21741088035382147,0.7889566224087406,0.005507375566774378,0.5408806109592094,0.19178187864814134,1999-12-24T01:26:14Z,ls7,qg0651yd85t0,0.0055372472313833096,0.2185901035285478,0.04321015963271818
0.12186607290763281,0.3234768814008555,0.0718226547519989,0.029113668475877735,0.24878438556658838,0.27288424622160723,1999-12-31T01:32:20Z,ls7,qg0651yd85t0,0.029351431104505086,0.3261186204069093,0.1228613167003901
0.10939403664134542,0.445507921355161,0.10940269888933107,0.037378782954868586,0.1483426087662997,0.254846244465207,2000-01-16T01:32:21Z,ls7,qg0651yd85t0,0.037664696448296606,0.44891564937825645,0.11023080094194034
0.05874839117574005,0.38819138046529833,0.03866719727940382,0.04115769488412701,0.2806222292471079,0.22781516020502632,2000-02-01T01:32:20Z,ls7,qg0651yd85t0,0.04144988517438025,0.3909472625051282,0.059165462868357374
0.09051282051282052,0.5334615384615384,0.9998589052494483,0.10102564102564103,0.1282051282051282,0.14102564102564102,2000-02-10T01:26:29Z,ls7,qg0651yd85t0,0.10182955859348435,0.5377065904917364,0.09123308168401008
0.06807646947825266,0.4574423530521747,0.6165478817698347,0.047547174261722815,0.25463722992735166,0.16730351919992453,2000-02-17T01:32:14Z,ls7,qg0651yd85t0,0.04796146358133186,0.46142815208542887,0.06866963520596313
0.08008576152667654,0.38341243698468136,0.016466480952208706,0.04066957626853676,0.23206189984863448,0.26045718636717263,2000-03-04T01:32:09Z,ls7,qg0651yd85t0,0.040936836427086946,0.38593203217352806,0.08061204518357784
0.1237571183565953,0.3880926594464501,0.6181867515647046,0.09083818945014545,0.34134947932952425,0.04881226489288117,2000-03-20T01:32:08Z,ls7,qg0651yd85t0,0.09191589350082235,0.39269698977992684,0.12522537249684546
0.29751628087486,0.46656494856272557,0.3847491045910061,0.08271293032226577,0.04759454667870153,0.09552132610849605,2000-04-05T01:31:58Z,ls7,qg0651yd85t0,0.08369849542716275,0.47212429860243377,0.3010613331832057
0.036449735710299094,0.6115016907974655,0.7796099996382186,0.015377392560491152,0.0350635280212745,0.2997307856462786,2000-04-14T01:25:40Z,ls7,qg0651yd85t0,0.015420902391325793,0.6132319148921572,0.036552869048963876
0.04124527478351689,0.7156762612918061,0.7679154155059513,0.010075603463729823,0.011270372015806579,0.22207153490619713,2000-04-30T01:25:39Z,ls7,qg0651yd85t0,0.01007114960396779,0.7153599009155484,0.041227042558480094
0.09510312563107236,0.530819934031907,0.19382439130277485,0.0512792649269639,0.01620705903471178,0.30260057890367315,2000-05-07T01:31:43Z,ls7,qg0651yd85t0,0.05158139943115697,0.5339474948074554,0.09566346782300278
0.06400811458781583,0.6419193766521177,0.8822980355269346,0.015022899120919652,0.008621749554312412,0.26953341120059016,2000-05-16T01:25:28Z,ls7,qg0651yd85t0,0.015041537317855912,0.6427157755138118,0.06408752641342978
0.10839124287188288,0.6277587034151272,0.5739824897796751,0.05484126006853183,0.005282131195570483,0.1976128503551851,2000-05-23T01:31:31Z,ls7,qg0651yd85t0,0.05526514488083676,0.6326108417474227,0.10922903182098491
0.07662024703317996,0.6861097656144881,0.8655584096089143,0.012227200559726596,0.0034579263206049355,0.2202443421867011,2000-06-01T01:25:40Z,ls7,qg0651yd85t0,0.01224835112862123,0.6872965958947329,0.07675278446933986
0.12256042486030568,0.6795490779991908,0.5037281574472703,0.04202475678788698,0.0040860363988933805,0.14571221327579106,2000-06-08T01:31:23Z,ls7,qg0651yd85t0,0.04232682345221047,0.6844335589319749,0.1234413679411302
0.0372409046745115,0.8385806434200582,0.7989291270214536,0.007313595307495771,0.0063874194825290585,0.11091618985929684,2000-06-17T01:25:36Z,ls7,qg0651yd85t0,0.007309961820556825,0.8381640259170366,0.03722240292058062
0.0924580321172328,0.6474622819147103,0.0018613653630475957,0.03040825239991228,0.012950555554548732,0.21389439117346967,2000-06-24T01:31:18Z,ls7,qg0651yd85t0,0.030519826251622986,0.6498379482200464,0.09279727880031222
0.11067349777885943,0.6327710681452474,0.003983213342498515,0.02863647755794399,0.008330639390648325,0.21603543654584484,2000-07-10T01:31:03Z,ls7,qg0651yd85t0,0.028768253860309952,0.6356828868714025,0.11118278333179435
0.16580577317799428,0.8084683154577779,0.7497123837777215,0.0049927726865369604,0.0003396837327628574,0.01712873290740366,2000-07-19T01:24:46Z,ls7,qg0651yd85t0,0.005009417807149003,0.8111636219471153,0.16635854360556906
0.12294313159556233,0.6423058762514655,0.1977858977605731,0.024427414990529448,0.015890231803012536,0.1902859204473708,2000-07-26T01:30:44Z,ls7,qg0651yd85t0,0.02455570914562767,0.6456793027781879,0.12358883582580109
0.11055067321762874,0.7707494911014281,0.7787290619007996,0.005583904907498999,0.0008583831331801869,0.11037989584951317,2000-08-04T01:24:54Z,ls7,qg0651yd85t0,0.005595726778488396,0.7723812705102622,0.11078472372855606
0.13113018730523884,0.6172920124441289,0.2970279657031222,0.019820079924450045,0.026195457223950572,0.2011466302297635,2000-08-11T01:30:37Z,ls7,qg0651yd85t0,0.019933999971243756,0.6208400271449309,0.13188388543011134
0.15126010819991584,0.6909058804796586,0.045725552621106336,0.015242900091367135,0.01899943511606659,0.11857254967377005,2000-08-27T01:30:29Z,ls7,qg0651yd85t0,0.015332129447233347,0.6949503265043553,0.15214555925857468
0.12390604026845636,0.79751677852349,0.9986523642415253,0.03367785234899329,0.006711409395973154,0.032214765100671144,2000-09-05T01:24:08Z,ls7,qg0651yd85t0,0.03388847204255385,0.8025044106848693,0.12468094277593245
0.1137295918833691,0.6402687445729173,0.010482616403169165,0.01849381655317399,0.02167908230885243,0.2021041085873589,2000-09-12T01:30:12Z,ls7,qg0651yd85t0,0.01858298652889972,0.6433558709238982,0.11427795165099083
0.4064285714285714,0.018571428571428572,0.999974675301183,0.5507142857142857,0.0,0.0,2000-09-21T01:23:49Z,ls7,qg0651yd85t0,0.5644216691068814,0.01903367496339678,0.4165446559297218
0.12139782941920588,0.6385609451093164,0.0004504178575305273,0.01918526307026608,0.014499494182648022,0.20257668245347657,2000-09-28T01:29:59Z,ls7,qg0651yd85t0,0.019278334672887757,0.6416587337773825,0.12198675491360524
0.1299306416856634,0.7765021514242357,0.738933106616982,0.007800281313442766,0.0035475980959375846,0.07862918592324161,2000-10-07T01:24:09Z,ls7,qg0651yd85t0,0.007830912576833757,0.7795514314396829,0.13044087196430412
0.14111884442944253,0.6791730200544471,0.013935819977569541,0.01637871572289201,0.010047402754643048,0.14958834449915248,2000-10-14T01:29:42Z,ls7,qg0651yd85t0,0.016451023288053087,0.6821713837988398,0.14174184565931164
0.029200000000000004,0.3956,0.9999547773235411,0.5508000000000001,0.0,0.0,2000-10-23T01:23:36Z,ls7,qg0651yd85t0,0.5645756457564576,0.40549405494054935,0.02993029930299303
0.14719453191419488,0.7014373702396894,0.008491009731919963,0.020918146557543343,0.04984437884719937,0.07655174175280866,2000-10-30T01:29:54Z,ls7,qg0651yd85t0,0.02101566667681482,0.7047074618713296,0.1478807508518476
0.09281405956904848,0.8807737192931454,0.7386653883723454,0.00524693537111254,0.0029002360335292202,0.019657924427739823,2000-11-08T01:24:03Z,ls7,qg0651yd85t0,0.005239469020158467,0.8795203846827035,0.09268198583586891
0.11277099236641222,0.6495065663326216,0.0,0.011905430338989187,0.04062624362360262,0.1828370898303245,2000-11-15T01:29:53Z,ls7,qg0651yd85t0,0.01194162532649124,0.6514812015521416,0.11311383966743997
0.050282322303921566,0.651534237132353,0.7638290944611266,0.004096507352941176,0.12478553921568628,0.17057291666666666,2000-11-24T01:24:04Z,ls7,qg0651yd85t0,0.004089128537873757,0.6503606640781169,0.050191751501656404
0.11663110446844892,0.6255370872494991,0.009977931333888024,0.01419149138321664,0.03668710625173578,0.20605550114744273,2000-12-01T01:29:54Z,ls7,qg0651yd85t0,0.014208335005257382,0.6262795257984566,0.11676953179710756
0.05050761787854719,0.8635626399017979,0.7494844614883687,0.005486894360603654,0.008881507690085926,0.07336991840566105,2000-12-10T01:23:43Z,ls7,qg0651yd85t0,0.005476102777171855,0.8618641912595209,0.05040827986756026
0.11787029851097278,0.6719925575774679,7.778300350924638e-05,0.011089770377566362,0.0726278408833942,0.12386730996405422,2000-12-17T01:29:57Z,ls7,qg0651yd85t0,0.011125107752850437,0.6741338510746946,0.11824589032500656
0.07878101874852915,0.8627957403969354,0.7232878694692666,0.00482519676803598,0.01002144183249222,0.04403420233768272,2000-12-26T01:24:13Z,ls7,qg0651yd85t0,0.004822863710257509,0.8623785652204329,0.07874292689913459
0.17072104781883712,0.7777765226901904,0.39467095980608513,0.016402022483997636,0.010297694822464872,0.01966005056209994,2001-01-02T01:29:55Z,ls7,qg0651yd85t0,0.016489440959630647,0.781921867452585,0.1716309462032195
0.13146445497630332,0.8397057066805168,0.7213740458015268,0.0048467830942024274,0.004590014932156074,0.01656170875803415,2001-01-11T01:24:14Z,ls7,qg0651yd85t0,0.004860843147162586,0.8421416124096174,0.13184582075302978
0.15209665874659584,0.710058638171353,0.1458015267175573,0.008351947617413992,0.04327238690604763,0.08326874452053924,2001-01-18T01:30:02Z,ls7,qg0651yd85t0,0.008380266519418368,0.7124662300185299,0.15261237203546482
0.07605858230814294,0.786943853482564,0.706658586881806,0.007580920667221656,0.04052662411741128,0.08917460611105972,2001-01-27T01:24:17Z,ls7,qg0651yd85t0,0.007578442525322274,0.7866866078759441,0.07603371937026254
0.15280583353913466,0.5457997075799729,0.17231467747187146,0.012277925784758751,0.13398432121618756,0.1520059620465905,2001-02-03T01:30:00Z,ls7,qg0651yd85t0,0.01233192037772028,0.5481999691197426,0.15347782723975914
0.08518470960094823,0.806263993151587,0.7252993741181578,0.002835308837086791,0.03576978796259713,0.07083497958646122,2001-02-12T01:24:11Z,ls7,qg0651yd85t0,0.0028324909813346347,0.8054626922135231,0.08510004925608386
0.1285294551071949,0.3628667469548912,0.6440233710791939,0.0179974185811343,0.4299790132678832,0.05532265195054652,2001-02-19T01:29:57Z,ls7,qg0651yd85t0,0.018184839775535193,0.36664556216753175,0.12986793283850342
0.05131891046526782,0.24504018419566442,0.7501646105423103,0.006215372807970228,0.5014625599142737,0.1945059878071738,2001-02-28T01:23:40Z,ls7,qg0651yd85t0,0.006245301651085371,0.24622012455584577,0.05156602607162139
0.05552433367947387,0.44692994115610934,0.738703375420571,0.006438836967808931,0.10748355832467982,0.38353063343717547,2001-03-16T01:23:38Z,ls7,qg0651yd85t0,0.006440009821630343,0.4470113508100591,0.05553444760645523
0.12324262647928856,0.49404622585765856,0.023423537498643343,0.03302253686528819,0.05147340753624477,0.2954242772810542,2001-03-23T01:29:44Z,ls7,qg0651yd85t0,0.03316425890431212,0.49616651233916814,0.12377154393922087
0.11729852744310576,0.7720774864162532,0.8851434463297276,0.009001968658949524,0.00713442003307347,0.0941648948736121,2001-04-01T01:23:29Z,ls7,qg0651yd85t0,0.009005202218234027,0.7723548211214875,0.11734066175359295
0.15259175442279851,0.688524437274164,0.18149668970008326,0.03237431075063262,0.01254185221609556,0.11125230670629965,2001-04-08T01:29:36Z,ls7,qg0651yd85t0,0.032474949757416105,0.6906647891119889,0.1530661022081999
0.07081207769957056,0.8950119783129493,0.7561104880431243,0.00428645597691857,0.0008529448849266096,0.032500908571725245,2001-04-17T01:23:29Z,ls7,qg0651yd85t0,0.004271148597203479,0.8918157975343846,0.07055920041176016
0.038613784519833896,0.3547516297181727,0.7064180022430447,0.004688042982661525,0.4388224130919666,0.1626144499624148,2001-05-03T01:23:26Z,ls7,qg0651yd85t0,0.004694045695148039,0.355205864469261,0.038663226781209495
0.0,0.0,0.9967584385514272,0.0,0.0,1.0,2001-05-10T01:29:31Z,ls7,qg0651yd85t0,0.0,0.0,0.0
0.10576314179829452,0.57363032058432,0.79890018450852,0.004936494800849134,0.1575306731910913,0.1569369985248084,2001-05-19T01:23:37Z,ls7,qg0651yd85t0,0.004945168246494293,0.5746381918789778,0.10594896815862838
0.1438723763553081,0.5649722234301618,0.0016569588654534728,0.017919148982431722,0.04706072070505015,0.22391756537368818,2001-05-26T01:29:21Z,ls7,qg0651yd85t0,0.017974821563856963,0.5667275223086272,0.1443193700487774
0.17483927600019783,0.7717397754809358,0.9268441807459933,0.005009643439988132,0.024331140893130904,0.02054794520547945,2001-06-04T01:23:02Z,ls7,qg0651yd85t0,0.005028238824462059,0.774604410062379,0.17548826501454862
0.1929487174848956,0.6308952461922506,0.0,0.0202570276039217,0.010712347599580334,0.1415994356209978,2001-06-11T01:29:09Z,ls7,qg0651yd85t0,0.020343115082425152,0.6335763987288642,0.19376870296813273
0.16030059863169896,0.7599500427594071,0.7461741615715785,0.004672676738882555,0.009506841505131128,0.06455245153933865,2001-06-20T01:22:51Z,ls7,qg0651yd85t0,0.00467781654777949,0.7607859657665559,0.16047692464119478
0.16223765535622017,0.6779373951827109,0.0022882674288194904,0.016345223957719538,0.014335832328598235,0.12749589796121874,2001-06-27T01:28:52Z,ls7,qg0651yd85t0,0.016376673126698365,0.6792417864687108,0.1625498101147738
0.11510098511088121,0.8164332838528781,0.7587171231142144,0.004138890138395334,0.003313691092018653,0.0630201070577122,2001-07-06T01:22:44Z,ls7,qg0651yd85t0,0.004130012491861175,0.8146820882737706,0.11485410108463737
0.22779942212019613,0.6563932841387203,0.0008248616186100621,0.019796601516391364,0.0026739613732973183,0.0890463534915382,2001-07-13T01:28:54Z,ls7,qg0651yd85t0,0.01989055715305376,0.6595085586903201,0.2288805692917906
0.0872370099927991,0.6772550753565697,0.7136246879635324,0.0047579493917151985,0.031816516543072625,0.1981505110097654,2001-07-22T01:23:03Z,ls7,qg0651yd85t0,0.004762792001808337,0.6779443811884607,0.08732579925689299
0.19758293581665934,0.7028102755572923,2.351579175863261e-05,0.015008619644830837,0.0031783244423460627,0.07850660357050472,2001-07-29T01:28:44Z,ls7,qg0651yd85t0,0.015056384161075352,0.7050469497897045,0.1982117380363694
0.16669912299814796,0.8051536795947274,0.7343366737817011,0.003580251116679377,1.3618041180956532e-05,0.02355240222246432,2001-08-07T01:22:23Z,ls7,qg0651yd85t0,0.003583924937769954,0.8059798759906927,0.1668701788078922
0.16934284274485922,0.7182433872792136,0.002091096559458827,0.011504267090112826,0.009230256097914672,0.090091069926622,2001-08-14T01:28:23Z,ls7,qg0651yd85t0,0.01152458852700613,0.7195121110974542,0.16964197435100298
0.12704299306298156,0.8345665048942993,0.8680547013494446,0.00495708919415426,0.0012749856050012338,0.03282059718680595,2001-08-23T01:22:33Z,ls7,qg0651yd85t0,0.004953693219666859,0.8339947648170777,0.12695595917144825
0.1713889935527086,0.566572504116777,0.48150935204949175,0.017247760194256053,0.06979681263780736,0.17064738061346954,2001-08-30T01:28:15Z,ls7,qg0651yd85t0,0.017347028353458492,0.5698333686525164,0.1723754097427483
0.18669598801691728,0.7877373120300752,0.7536413299084693,0.0035243626644736836,0.00043321193609022554,0.019031954887218046,2001-09-08T01:21:57Z,ls7,qg0651yd85t0,0.003533650268338295,0.7898132028506363,0.18718798005771717
0.19978612831039474,0.718157157519265,0.13991534314966902,0.01409338509943803,0.0073653127839283915,0.05645337685499882,2001-09-15T01:28:03Z,ls7,qg0651yd85t0,0.014156056452867624,0.7213507040461868,0.20067454986201827
0.16891429840142097,0.7993975725281232,0.7311385261025288,0.004127711394585284,0.003552397868561279,0.021919909575326982,2001-09-24T01:22:13Z,ls7,qg0651yd85t0,0.00413657478985875,0.8011141113043712,0.1692770064618818
0.14478749242159805,0.6717449063952525,0.015393799066603986,0.01045068067828995,0.05122448604655435,0.120085980415572,2001-10-01T01:27:52Z,ls7,qg0651yd85t0,0.010472245335094861,0.6731310312624063,0.14508625694037255
0.16380168951919255,0.537419377012409,0.0,0.014103831265149601,0.07067038095582649,0.20924894178937087,2001-10-17T01:27:48Z,ls7,qg0651yd85t0,0.014197599441284974,0.5409923660715438,0.16489071174197398
0.0834486341211529,0.7212828249522517,0.7092380883470207,0.005042708987862313,0.033675710312991866,0.15680077641393814,2001-10-26T01:21:39Z,ls7,qg0651yd85t0,0.005041148084584406,0.7210595614784967,0.08342280370998897
0.17047278787199519,0.6260546135034479,0.015482435512463422,0.020092767991827458,0.021517249995865954,0.15642678788301936,2001-11-02T01:27:52Z,ls7,qg0651yd85t0,0.020226514532449,0.6302219158298521,0.17160753175881371
0.09152830223097831,0.8117600345379034,0.7025125719040556,0.00679715670357601,0.017256790528831244,0.07194585818785458,2001-11-11T01:21:49Z,ls7,qg0651yd85t0,0.006802473356929745,0.8123949833699324,0.09159989455645198
0.05618793869640723,0.7835999022734628,0.726053688361492,0.0049030328242308996,0.015457961081066804,0.1436514067999181,2001-11-27T01:21:55Z,ls7,qg0651yd85t0,0.004880974210540351,0.7800745072471887,0.05593515066128598
0.1609953211477175,0.7678169378475086,0.010656271480771307,0.02004163246052048,0.005892903832124462,0.041659886383790215,2001-12-04T01:28:01Z,ls7,qg0651yd85t0,0.02011753030517149,0.7707246675837943,0.16160501189511942
0.1289975252271586,0.2970850646089221,0.009578162873991491,0.017078708734760972,0.3457522487557646,0.20734213049632436,2001-12-20T01:28:12Z,ls7,qg0651yd85t0,0.017223008762939206,0.2995951714243833,0.13008744056058863
0.04643167258483729,0.21790855511220117,0.7529304294345356,0.003779258337299118,0.33698429549364867,0.3940549840758502,2001-12-29T01:22:24Z,ls7,qg0651yd85t0,0.0037911158943620057,0.21859225093188964,0.04657735360424955
0.12215458972177468,0.37789303622178383,0.0007054737527585342,0.01815234509349601,0.10055029596509965,0.3784026935539344,2002-01-05T01:28:13Z,ls7,qg0651yd85t0,0.018252075786991125,0.37996921615199447,0.12282571854198034
0.05011763554511645,0.4864529262086515,0.7227488151658767,0.005009199451947544,0.027552684804593202,0.43121941671559993,2002-01-14T01:22:32Z,ls7,qg0651yd85t0,0.0050059449902781165,0.48613687922000304,0.050085074269525694
0.04050788091068302,0.1778633975481611,0.9989671140696791,0.009281961471103327,0.5989492119089317,0.17162872154115585,2002-01-30T01:22:07Z,ls7,qg0651yd85t0,0.009354080719397922,0.17924536563434962,0.0408226201961649
0.08895401730444816,0.42467889972608885,0.48422813935819975,0.010890509208112818,0.1394246113162814,0.3337401667315496,2002-02-06T01:28:24Z,ls7,qg0651yd85t0,0.010938508270206,0.4265506385482214,0.08934607513374171
0.047880740821997954,0.5130747221003363,0.8021200390723925,0.004138328214129005,0.14503802837501828,0.28985666227877727,2002-02-15T01:22:15Z,ls7,qg0651yd85t0,0.004138412564962611,0.5130851800143228,0.04788171676691896
0.1390986489158617,0.5689553907536393,0.021162403675699104,0.024192019899431,0.05252984083042425,0.2120339073885508,2002-02-22T01:28:25Z,ls7,qg0651yd85t0,0.024297417794673207,0.5714341709845349,0.13970466300181703
0.09434810607430985,0.3454500741651894,0.0,0.023687836908939615,0.3238992800549908,0.20887630693534967,2002-03-10T01:28:28Z,ls7,qg0651yd85t0,0.023878898792546104,0.34823641308316355,0.09510910113394992
0.04628823506847213,0.22693705167056655,0.764218009478673,0.0046430626414515315,0.1801526717557252,0.5414860562353754,2002-03-19T01:22:08Z,ls7,qg0651yd85t0,0.004651299170175281,0.2273396250771539,0.046370347761570306
0.24960449206777335,0.6922313218743102,0.9262273434390941,0.035202903170438664,0.0001471201235809038,0.01444229213152539,2002-04-11T01:28:22Z,ls7,qg0651yd85t0,0.03550454336756186,0.6981627869973447,0.25174325737998726
0.1392104457800563,0.6354214148994155,0.00107991751383818,0.01709979482926281,0.04810556604849852,0.15786195069745373,2002-04-27T01:28:21Z,ls7,qg0651yd85t0,0.017149488032898893,0.6372679941175059,0.13961500110364303
0.06172440883494156,0.7562679988245664,0.6983701747404218,0.00441986962284179,0.037613870114604764,0.1432169694207392,2002-05-06T01:22:12Z,ls7,qg0651yd85t0,0.004402440221674265,0.7532857166609582,0.06148100358202353
0.1357082512125394,0.6764164745612847,0.026205636554393785,0.013241878168345616,0.03113686138505349,0.14254931427202122,2002-05-13T01:28:17Z,ls7,qg0651yd85t0,0.01325707502400402,0.6771927544362535,0.13586399488266782
0.14408459428940149,0.7541398935312146,0.7196646286313809,0.00560245200838845,0.0016970479109533795,0.09322793999032102,2002-05-22T01:22:03Z,ls7,qg0651yd85t0,0.005610188295819133,0.7551812666604386,0.14428355714246785
0.17362695570776931,0.6966104779876081,0.026041026012083468,0.014168926348008266,0.012813321843008483,0.10077931147199977,2002-05-29T01:28:09Z,ls7,qg0651yd85t0,0.014200984140678823,0.698186588535928,0.17401979400838494
0.05532596561732529,0.6010432016075015,0.9675916211425057,0.003927215896405448,0.10471087296271489,0.23599017637865596,2002-06-14T01:28:04Z,ls7,qg0651yd85t0,0.0039212835110057145,0.6001352759910135,0.05524239115661006
0.08949324658901324,0.7827895053593058,0.7625501971708694,0.004357911737146427,0.008471283719442052,0.11718101274501588,2002-06-23T01:22:13Z,ls7,qg0651yd85t0,0.004346513089600064,0.780742024314996,0.08925916613094598
0.16010182387397645,0.6672190275351196,0.05472124742230744,0.012471443962424101,0.019300800468454882,0.13935575971785544,2002-06-30T01:27:59Z,ls7,qg0651yd85t0,0.012494479433331328,0.6684514192729042,0.16039754110745436
0.08566459627329193,0.7934304973758969,0.8121540465250896,0.0041780538302277435,0.014059415474986759,0.10536857816938706,2002-07-09T01:22:10Z,ls7,qg0651yd85t0,0.004165276907199524,0.7910041044175606,0.08540262503086594
0.18759518305186582,0.6448937103151281,0.030532542237979854,0.010934505850457424,0.005543520648728125,0.14822527106528516,2002-07-16T01:27:53Z,ls7,qg0651yd85t0,0.010970907502006756,0.6470406016744908,0.18821969910948919
0.17827710418485923,0.649057818902398,0.7845664049781123,0.004394018270974676,0.033552764156646736,0.13317827634849197,2002-07-25T01:21:36Z,ls7,qg0651yd85t0,0.004402154176187896,0.6502596056421963,0.1786071996764771
0.1815447009218895,0.6414372599833753,0.038142614232480776,0.01290351942888738,0.013610188552923078,0.1467726344375195,2002-08-01T01:27:46Z,ls7,qg0651yd85t0,0.012961125430770026,0.6443008691103146,0.18235518246847268
0.17157719291733178,0.7320463268866697,0.7563492637748273,0.003226994320501875,0.0005865102639296188,0.09115408886744125,2002-08-10T01:21:56Z,ls7,qg0651yd85t0,0.0032320077923483495,0.7331836371158339,0.1718437559604469
0.21057088395521165,0.6252504351997554,0.004518649831771637,0.012353840115423335,0.0047008842096081934,0.14263467569895444,2002-08-17T01:27:42Z,ls7,qg0651yd85t0,0.01241922738465692,0.6285598044454995,0.21168540826128096
0.13051415529059385,0.8157850210241349,0.7487645164791433,0.004657565808421175,0.000842405391394505,0.04669949887679281,2002-08-26T01:21:22Z,ls7,qg0651yd85t0,0.004664919090567791,0.8170729679211444,0.13072020872010068
0.20279266865697756,0.6249331277407782,0.5037643355884375,0.005950373456688864,0.038989680274415024,0.1225134783416992,2002-09-02T01:27:32Z,ls7,qg0651yd85t0,0.005984781056365378,0.6285467578835595,0.20396530244396074
0.1901288603790399,0.6620688144005171,0.009357476212872196,0.009917373782746916,0.012378411641075364,0.12165500769656366,2002-09-18T01:27:18Z,ls7,qg0651yd85t0,0.009961680031125497,0.6650266322641106,0.19097826836712492
0.13606352161447666,0.8108703131399634,0.757090915668753,0.004386789291432401,0.0017053282198309565,0.045001303198421265,2002-09-27T01:21:31Z,ls7,qg0651yd85t0,0.004395886134690046,0.8125518072010796,0.13634567524597827
0.19150474435375558,0.6536948165595301,0.004679642559965225,0.012537506838012259,0.0066226489505355,0.1309790579627176,2002-10-04T01:27:15Z,ls7,qg0651yd85t0,0.012605639773749686,0.6572472091926097,0.1925454441203876
0.09419231983311147,0.8476166229773683,0.7363952100141095,0.0035942796755554954,0.019872912177648465,0.03469524998970671,2002-10-13T01:21:00Z,ls7,qg0651yd85t0,0.003594388466763608,0.8476422785314024,0.0941951708344788
0.18603743873037012,0.7515218036620595,0.0006222640280741931,0.011912589868157165,0.010527154120721987,0.036807028721609625,2002-10-20T01:27:19Z,ls7,qg0651yd85t0,0.011952663339355811,0.7540498926576109,0.18666326116070156
0.11138308399411481,0.8744790568076767,0.7221410223942694,0.0034011041235368408,0.002493392185201099,0.0076754814265067774,2002-10-29T01:21:08Z,ls7,qg0651yd85t0,0.0034030565098154926,0.8749810469995276,0.11144702287894903
0.199696682464455,0.7675518975435042,0.0,0.009708060489852028,0.0062081690242755325,0.012315039253283167,2002-11-05T01:27:25Z,ls7,qg0651yd85t0,0.009752977428529703,0.7711031817109167,0.20062063258299487
0.194985306322363,0.7918824913946749,0.7340870446076481,0.0053478864233139686,0.0011360389654562523,0.0025509857008748182,2002-11-14T01:21:40Z,ls7,qg0651yd85t0,0.005369970178182335,0.7951525194843281,0.19579048567115853
0.2169960908913057,0.7226524697306738,0.0014037118772837198,0.007597021251929194,0.005072059473520227,0.04322662686307613,2002-11-21T01:27:39Z,ls7,qg0651yd85t0,0.007632756746235461,0.7260517419402799,0.21801681497688846
0.0552744475406649,0.7581563676424672,0.692954307007706,0.0027609122133132246,0.0378694599419115,0.14817280444913133,2002-11-30T01:22:00Z,ls7,qg0651yd85t0,0.002753355342784541,0.75608122396961,0.05512315629656262
0.08756189359809058,0.8617676218452978,0.7438334358380667,0.002866030194754756,0.020471139859053484,0.02701710282881636,2002-12-16T01:22:00Z,ls7,qg0651yd85t0,0.002866981965858636,0.8620538035897304,0.0875909717565413
0.20860782324427907,0.7748781986247324,0.6790637097065952,0.004788975312817043,0.0008736331867884116,0.005506707248337279,2002-12-23T01:27:52Z,ls7,qg0651yd85t0,0.004814874436320862,0.7790687957474378,0.20973598938111562
0.05313769487558935,0.35046969749113804,0.7371929380268442,0.002834635371855319,0.3538906287641532,0.23990776749148227,2003-01-01T01:21:42Z,ls7,qg0651yd85t0,0.0028329585906374773,0.35026238299417994,0.05310626215954712
0.16952875241812743,0.6896743196217132,0.0004033862740132621,0.011480156425025836,0.0370523184164952,0.08901242677756123,2003-01-08T01:27:51Z,ls7,qg0651yd85t0,0.011523035132084077,0.6922502725984676,0.17016194707539184
0.092032234109849,0.8028144338403147,0.7369197930610325,0.0036318380593525676,0.00796914106548585,0.0942820209576721,2003-01-17T01:21:49Z,ls7,qg0651yd85t0,0.003628888588537146,0.8021624560527275,0.0919574933355774
0.12359746676519166,0.4917519996479043,0.2190930140009406,0.007510198030581352,0.20861661196059308,0.1652625312426888,2003-01-24T01:28:02Z,ls7,qg0651yd85t0,0.007549520211459816,0.4943267334963012,0.1242446030889571
0.058831615613890186,0.21968276654576796,0.7481368257298939,0.005354400833123855,0.5704959241570008,0.14402987754515748,2003-02-02T01:21:56Z,ls7,qg0651yd85t0,0.005384682560322932,0.22092517887428173,0.059164336863237035
0.129059404350599,0.3362433298003643,0.2115082667052567,0.016278659490610102,0.3894868936025731,0.1250074559411233,2003-02-09T01:28:12Z,ls7,qg0651yd85t0,0.016411309217705342,0.33898327199040407,0.13011106924819432
0.11409153157455798,0.26100070372722156,8.863644585943575e-05,0.028220510844454576,0.3990332343773461,0.1938741359441794,2003-02-25T01:28:11Z,ls7,qg0651yd85t0,0.028484996024334526,0.2634468259272969,0.11516080772684299
0.0884171501316774,0.28280448577786843,0.8138580369740602,0.015207428354858462,0.44719784651565064,0.16331885367773535,2003-03-06T01:22:05Z,ls7,qg0651yd85t0,0.015327623941790911,0.2850396994091291,0.089115976455694
0.10687236351796243,0.25102387757317035,0.0,0.03492051662385587,0.3979505083028834,0.20537607177743208,2003-03-13T01:28:17Z,ls7,qg0651yd85t0,0.035263365125063124,0.2534884218730219,0.1079216329215995
0.03502743638892022,0.18502302025782685,0.8074816395933577,0.008847577705115194,0.552232495208028,0.21731123388581952,2003-03-22T01:22:01Z,ls7,qg0651yd85t0,0.008907808099998537,0.1862825751262961,0.03526588767985786
0.12050006949768859,0.3466749391334758,0.19312253536413304,0.043305892955624585,0.11673594016921567,0.36829515444179906,2003-03-29T01:28:13Z,ls7,qg0651yd85t0,0.04368662612632345,0.3497228072126163,0.1215594720500456
0.1108992800549908,0.39773781701096195,0.0,0.04137126008465685,0.22980717050757932,0.21593828009116892,2003-04-14T01:28:18Z,ls7,qg0651yd85t0,0.04169065582053414,0.4008084453285547,0.11175544825216305
0.04954180726826005,0.3458085433934097,0.7673492275966861,0.008364485981308411,0.2708103316901737,0.32537670860092993,2003-04-23T01:22:29Z,ls7,qg0651yd85t0,0.008366518973249306,0.34589259230967095,0.049553848425976
0.10987660257005269,0.41100453713432833,0.025603270503961495,0.03554207987881174,0.10121670942662057,0.3394645290402587,2003-04-30T01:28:18Z,ls7,qg0651yd85t0,0.03572703546595256,0.4131433423405069,0.11044838372666128
0.07507201301011333,0.6197289220917823,0.8220306790637097,0.01014392437871627,0.047619047619047616,0.24738527214514408,2003-05-25T01:22:27Z,ls7,qg0651yd85t0,0.010144655672647489,0.6197735994752885,0.07507742508787228
0.07453359233857951,0.624991363345472,0.6805958539850223,0.00719130331364365,0.1297763531230709,0.163699999433662,2003-07-04T01:09:59Z,ls5,qg0651yd85t0,0.007189343364241086,0.6248210254531914,0.0745132786258346
0.14477052248949504,0.6807808215986144,0.0684201005752324,0.02834866678576144,0.05351886228242549,0.08940457789963417,2003-07-11T01:15:53Z,ls5,qg0651yd85t0,0.02845412518416564,0.683313358865804,0.14530907576797053
0.14896598167793737,0.6583191580564841,0.22774682536811264,0.024036990796805935,0.030003490139769558,0.13607094587472507,2003-07-19T01:28:05Z,ls7,qg0651yd85t0,0.02411226691863922,0.6603808018606508,0.14943249520621538
0.09023813214885112,0.6748853150718171,0.7316251221012264,0.0069660899280818,0.07714861522077607,0.1514056739213955,2003-07-20T01:09:51Z,ls5,qg0651yd85t0,0.006960281078686966,0.6743225449677114,0.09016288481143009
0.16725599705274666,0.6740767425255227,0.04744401432654388,0.024863670545697613,0.03947838174526009,0.09162881319883326,2003-07-27T01:16:10Z,ls5,qg0651yd85t0,0.024941069013834003,0.6761750854544943,0.16777665058757832
0.06432107758734869,0.646133479907817,0.863423899280055,0.00530661439432068,0.0792694233265344,0.20607401128446928,2003-07-28T01:22:14Z,ls7,qg0651yd85t0,0.005298424901811485,0.6451363271282013,0.0642218133589833
0.08781719752813195,0.6754888408437039,0.6812289714554467,0.006258774393807846,0.06568382106762455,0.1645131452761558,2003-08-05T01:10:33Z,ls5,qg0651yd85t0,0.006260711814523132,0.6756979402601151,0.08784438158158142
0.050881897885508,0.31456162970603413,0.992985058427698,0.0061449200618875705,0.47343991748323877,0.15471892728210418,2003-08-13T01:21:46Z,ls7,qg0651yd85t0,0.006149099061249583,0.3147755548403916,0.05091650133301587
0.1882291270986858,0.6293720884296891,0.40473390977171597,0.01621706297956393,0.05372027653270531,0.10856187799133936,2003-08-20T01:27:56Z,ls7,qg0651yd85t0,0.016292906271493816,0.6323155098800126,0.18910942932444907
0.114013226612837,0.6539999647916248,0.6917369125574329,0.004260272043376718,0.07846773152440527,0.14943607919537127,2003-08-21T01:10:25Z,ls5,qg0651yd85t0,0.004259294104581655,0.65384984012094,0.11398705505470179
0.1287972024846941,0.7808937748581133,0.919044173510365,0.02419962461455959,0.011328596326585333,0.050811100683737766,2003-08-28T01:16:44Z,ls5,qg0651yd85t0,0.02430249027635401,0.784213130270494,0.1293446824428289
0.013634002361275087,0.2540377804014168,0.9923392786078651,0.006184179456906729,0.0,0.7251475796930342,2003-08-29T01:22:07Z,ls7,qg0651yd85t0,0.006206681342874883,0.2549621276339039,0.013683611330186932
0.06987681585804786,0.7275872108573217,0.7632846134365616,0.00428263577383636,0.09532251778604779,0.10340743231367634,2003-09-06T01:10:42Z,ls5,qg0651yd85t0,0.00428008988469318,0.7271546836757773,0.06983527633980542
0.14850419790994523,0.7089038708289759,0.02442748091603053,0.01668352134926463,0.03282491155463587,0.09110985025476714,2003-09-13T01:17:00Z,ls5,qg0651yd85t0,0.016721191772622886,0.7105045346442088,0.14883951177376525
0.13972964911515895,0.6385508706156602,0.21160413877934947,0.016920849575877445,0.03966584144217731,0.16305258110182383,2003-09-21T01:27:45Z,ls7,qg0651yd85t0,0.01696511369631218,0.6402212886708465,0.1400951750888402
0.0755788557197141,0.760005196979003,0.7319869035128975,0.004891099667258357,0.057990186483804995,0.10252897147061008,2003-09-22T01:11:21Z,ls5,qg0651yd85t0,0.0048853133321555,0.759106085317249,0.07548944339618034
0.13486336821462444,0.7509829853241388,0.09972866394124669,0.019286259664689533,0.03209842310845349,0.060288775296973206,2003-09-29T01:17:12Z,ls5,qg0651yd85t0,0.01933910668028784,0.7530407824413347,0.13523291247295086
0.0740841589256658,0.6077277502008197,0.9121757534097898,0.005791023871804905,0.1398117443513007,0.17105723877983975,2003-09-30T01:21:56Z,ls7,qg0651yd85t0,0.005803893465211088,0.6090783246795087,0.07424879872413985
0.1455814771880434,0.6580882163524792,0.21353786042473133,0.016904101460075618,0.035738272013837134,0.14070593322477068,2003-10-07T01:27:41Z,ls7,qg0651yd85t0,0.016965531677342483,0.6604797366711886,0.14611052641286112
0.05844318936089513,0.7223289043239143,0.694772258601353,0.003951142613313104,0.06158140527214109,0.15496989379859663,2003-10-08T01:11:33Z,ls5,qg0651yd85t0,0.003944725228463084,0.7211557088660432,0.05834826683475605
0.11475850806904218,0.6822774903233048,0.0008357150609601405,0.013528961289598412,0.0761444570369217,0.11189844267666985,2003-10-15T01:17:25Z,ls5,qg0651yd85t0,0.013552197201936456,0.6834492979451922,0.11495560513927972
0.04346780027151025,0.5227920964753213,0.817450526391954,0.004746177551849539,0.17306301217832476,0.2565870963266843,2003-10-16T01:21:33Z,ls7,qg0651yd85t0,0.004740723389042936,0.5221913197076948,0.04341784839825315
0.13360599311601543,0.6064694328276234,0.2227252993741181,0.015283865457431236,0.05227918537188179,0.19027770989985873,2003-10-23T01:27:52Z,ls7,qg0651yd85t0,0.015326029130922418,0.6081425029825098,0.13397457261482734
0.03413733523334521,0.675064362902268,0.6953438732317934,0.0038002018762617264,0.062106638166488544,0.22839330245814035,2003-10-24T01:11:46Z,ls5,qg0651yd85t0,0.0037815375482185753,0.6717488488507243,0.033969672976428236
0.05602767771019115,0.5676799740152366,0.816218660685214,0.004886710368314336,0.12907734404220556,0.2419437390499813,2003-11-01T01:22:10Z,ls7,qg0651yd85t0,0.0048896999083268295,0.5680272632688854,0.05606195373060106
0.13880486840370843,0.6624132269246868,0.21779060091892477,0.015778396516357904,0.06415275853855386,0.11622469769044519,2003-11-08T01:28:00Z,ls7,qg0651yd85t0,0.015829112632006485,0.6645424056272903,0.13925102551170418
0.03877501744855035,0.637164217581851,0.7123132303462247,0.0030021567037016085,0.15186212186947856,0.17239167751306284,2003-11-09T01:11:28Z,ls5,qg0651yd85t0,0.002988028143346875,0.6341656355648357,0.038592536909275964
0.004442904656319291,0.8286017184035478,0.9869469266669079,0.009010532150776056,0.06735033259423504,0.09187915742793791,2003-11-16T01:17:50Z,ls5,qg0651yd85t0,0.008996785619921156,0.8273375978279971,0.004436126529908831
0.039414771395076195,0.20432956623681123,0.8071252849028617,0.005290691676436108,0.5862133645955452,0.163179366940211,2003-11-17T01:21:58Z,ls7,qg0651yd85t0,0.005324093534153464,0.20561956526081188,0.03966360966927842
0.03565211576078779,0.36027084413087457,0.891803842118592,0.010571113303128082,0.24322471703475834,0.3486867403407286,2003-11-24T01:28:12Z,ls7,qg0651yd85t0,0.010612578402157692,0.36168400335081663,0.03579196087153868
0.014175870049214905,0.26618101124912114,0.7530045946239282,0.0061236670963206,0.5538800679634404,0.1589158073588001,2003-11-25T01:12:13Z,ls5,qg0651yd85t0,0.006139133906550282,0.26685331611530316,0.014211674655906144
0.11004786430050947,0.6149422456101066,0.03062479649795591,0.02016551904308721,0.09426001604806956,0.15764989083580586,2003-12-02T01:18:03Z,ls5,qg0651yd85t0,0.02024493197462697,0.6173639222526566,0.11048123888884116
0.0846733906150638,0.48044617637054676,0.8776835136210701,0.011334684038509886,0.1893254854404827,0.23169523358819266,2003-12-03T01:22:25Z,ls7,qg0651yd85t0,0.01138433310708469,0.4825506642482927,0.08504428361594724
0.1365613548789241,0.5868676098371804,0.23386274013241204,0.025130661856371108,0.024699199123569188,0.22411554153602056,2003-12-10T01:28:16Z,ls7,qg0651yd85t0,0.025218809663048982,0.588926094922575,0.13704035475478626
0.03962390366269737,0.5565703944678072,0.7036268586520025,0.005545864588228832,0.029638490976007226,0.3701332389328678,2003-12-11T01:12:16Z,ls5,qg0651yd85t0,0.005531930414802923,0.5551719924194228,0.03952434725689918
0.10095451165414497,0.5680769103969697,0.01236207083680041,0.021108599854208713,0.14486268878689196,0.16287597117874816,2003-12-18T01:18:09Z,ls5,qg0651yd85t0,0.021173482420250436,0.569823036995142,0.10126482061896738
0.15596296506030918,0.7538546916586443,0.9680565102565031,0.022995639617192365,0.0022651339260433773,0.05662834815108443,2003-12-19T01:22:34Z,ls7,qg0651yd85t0,0.023200083459945182,0.7605568731419854,0.15734956132094174
0.0338061283262297,0.6059035825365741,0.6859375565283456,0.010741274046768808,0.03774910724570902,0.31267135122681716,2003-12-27T01:12:04Z,ls5,qg0651yd85t0,0.010726883397203313,0.6050918216515248,0.03376083647874581
0.10328663420706471,0.7132029340295686,0.00024058463876130975,0.013817893310318501,0.008569045409065166,0.16077092459203854,2004-01-03T01:18:17Z,ls5,qg0651yd85t0,0.01382376071905463,0.7135057770919501,0.1033304921878916
0.0,0.0,0.9999421149741327,0.0,0.0,1.0,2004-01-04T01:22:16Z,ls7,qg0651yd85t0,0.0,0.0,0.0
0.13070485103898716,0.4646670497874588,0.2067870192829493,0.02026154835531718,0.07809278820717713,0.30350008209731266,2004-01-11T01:28:27Z,ls7,qg0651yd85t0,0.0203528349186548,0.4667605649190502,0.13129372985780524
0.03890424761674913,0.39456075781344263,0.7001917441481857,0.004446542777844817,0.05781344274164354,0.5054905273319658,2004-01-12T01:12:07Z,ls5,qg0651yd85t0,0.004434200435975305,0.3934655690331859,0.038796260457229476
0.13331763302089716,0.6223833074278179,0.8847852827321732,0.016745639238220842,0.04597051481324478,0.17615750553436013,2004-01-19T01:18:19Z,ls5,qg0651yd85t0,0.016863254867487344,0.6267547144136444,0.13425401037126333
0.14535009826297174,0.7251403540264507,0.22406750841141787,0.016223811111292424,0.030371767404668598,0.07946828425624372,2004-01-27T01:28:36Z,ls7,qg0651yd85t0,0.01628685525515765,0.7279581785491922,0.14591491453473773
0.022779544282662607,0.2656085029587252,0.705314568937448,0.006453642546713483,0.545154320229823,0.1588503940874604,2004-01-28T01:12:12Z,ls5,qg0651yd85t0,0.006478893031312707,0.26664772125518904,0.02286867139621488
0.1371575766250378,0.5663420727940123,0.0015900293042943048,0.016601810700781428,0.05018108819602095,0.22715109042452,2004-02-04T01:18:24Z,ls5,qg0651yd85t0,0.016660977701796902,0.5683604527526834,0.1376463909249787
0.04869948158645308,0.3276016646635693,0.8991588582178648,0.0045336968805496265,0.125621109656125,0.4917574039858647,2004-02-05T01:22:27Z,ls7,qg0651yd85t0,0.004554966202338323,0.3291385705061578,0.048927949649514094
0.1532679018359565,0.742843061831253,0.4615516804746572,0.013460131355718679,0.007686493205449079,0.079243444812121,2004-02-12T01:28:39Z,ls7,qg0651yd85t0,0.013511910216262862,0.745700654100472,0.15385749766569495
0.00790348804076365,0.36986808803070675,0.892078795991462,0.02219356028226144,0.1401585625450462,0.458976550845611,2004-02-13T01:12:40Z,ls5,qg0651yd85t0,0.022243486287610123,0.3707001328178645,0.007921267503868169
0.10501959937035092,0.5360628414457238,0.9413932202163453,0.03508441618568472,0.2160251859625297,0.1017315349239174,2004-02-20T01:18:30Z,ls5,qg0651yd85t0,0.03539970481612036,0.5408802087410024,0.1059633655564301
0.0,0.0,0.999943923881191,0.0,0.0,1.0,2004-02-21T01:22:27Z,ls7,qg0651yd85t0,0.0,0.0,0.0
0.10846567172992043,0.3606812511993858,0.2647552548750045,0.019281032726628573,0.2571335783771017,0.25076883712462295,2004-02-28T01:28:40Z,ls7,qg0651yd85t0,0.019425893873465938,0.363391100844489,0.10928058978032036
0.04215647866142628,0.17869611646804584,0.7137259867588004,0.006732045141477841,0.3820596747083876,0.38945898469587636,2004-02-29T01:12:45Z,ls5,qg0651yd85t0,0.006758569897531902,0.17940019239111407,0.04232257830709013
0.12433933662320372,0.3861128276001794,2.1706884700267715e-05,0.03590857947062996,0.18883228896832174,0.26104361731378706,2004-03-07T01:18:34Z,ls5,qg0651yd85t0,0.036155918897863605,0.38877238492698213,0.1251957898930455
0.04486046035695437,0.23212524638898757,0.8320592597952317,0.007177647806464817,0.2745015671955278,0.4403873288740966,2004-03-08T01:22:58Z,ls7,qg0651yd85t0,0.00720158689338393,0.2328994368479317,0.04501008018905999
0.12701372009355028,0.3002668663876088,0.21262978908143704,0.034454274778645176,0.08315451876289418,0.4513846450741372,2004-03-15T01:28:47Z,ls7,qg0651yd85t0,0.03473230395491682,0.30268987340371223,0.12803865880433962
0.041998964375931536,0.33862087062396345,0.7414909011974965,0.00728456570264994,0.06061199784478234,0.5513858469375617,2004-03-16T01:12:51Z,ls5,qg0651yd85t0,0.0072864014621483305,0.3387062053583835,0.042009548397124126
0.1371405051995119,0.4828026553024094,0.006747223327665419,0.03218426851700085,0.02133347902893879,0.32414722540931357,2004-03-23T01:18:39Z,ls5,qg0651yd85t0,0.03230231365917027,0.4845734741126877,0.13764350778988965
0.0574528164471357,0.5250563913685833,0.8261387069932347,0.008003100484840917,0.01959131864244543,0.3908691761866117,2004-03-24T01:22:38Z,ls7,qg0651yd85t0,0.00798991626989932,0.524191419557549,0.057358169343494574
0.16603623205214446,0.37550880285773913,0.6100810390362144,0.03691030131520957,0.20370671058430562,0.2120479691957969,2004-04-08T01:19:00Z,ls5,qg0651yd85t0,0.037279750848259276,0.3792674162238857,0.16769815314775252
0.0,0.0,0.9999095546470822,0.0,0.0,1.0,2004-04-09T01:22:35Z,ls7,qg0651yd85t0,0.0,0.0,0.0
0.1116374974308939,0.34861991006434623,0.19908650193553057,0.03587734692079924,0.3431015830210881,0.15640492274613166,2004-04-16T01:28:42Z,ls7,qg0651yd85t0,0.036192543586928326,0.3516826736973729,0.11261827694847894
0.044295512917359114,0.3751260915546155,0.7006711045186498,0.006828523946215441,0.43930503097144585,0.13368182504910106,2004-04-17T01:13:06Z,ls5,qg0651yd85t0,0.0068407474499379015,0.37579759175182154,0.04437480477769355
0.10899549582142468,0.38013248435295377,0.0,0.03542663072971311,0.27494663724177854,0.1966336239644007,2004-04-24T01:19:28Z,ls5,qg0651yd85t0,0.035687668294965946,0.38293345232944787,0.10979861816940702
0.5443536286250181,0.369300966671476,0.9749249303570783,0.043299668157553026,0.0059875919780695425,0.02517674217284663,2004-04-25T01:22:53Z,ls7,qg0651yd85t0,0.04383727042403392,0.3738861527743754,0.5511122426506745
0.12975699481505648,0.39511036225194535,0.4787779023913751,0.02427192148315761,0.18904220835560245,0.25782773771265555,2004-05-02T01:28:42Z,ls7,qg0651yd85t0,0.024448313503364995,0.3979817589417729,0.13069998148660408
0.05772727272727273,0.32681818181818184,0.9999602040447162,0.02090909090909091,0.0,0.5909090909090909,2004-05-03T01:13:32Z,ls5,qg0651yd85t0,0.021096616388096203,0.3297492865878516,0.058245006114961265
0.12416188495194376,0.4991041457466648,0.9495604355848196,0.011690216611676947,0.139470664180175,0.2221345574523024,2004-05-11T01:22:57Z,ls7,qg0651yd85t0,0.011753523608112302,0.5018069856875513,0.1248342690718589
0.09668550949783628,0.3242239422579004,0.2070420751781773,0.031828781169943636,0.43216922961107573,0.11112251718324767,2004-05-18T01:28:43Z,ls7,qg0651yd85t0,0.032107884849603446,0.32706703244205876,0.09753333591401438
0.04135085077908422,0.2930648958034604,0.6972323722007163,0.007230068827071981,0.5702669438868178,0.08677468693241563,2004-05-19T01:14:01Z,ls5,qg0651yd85t0,0.007257845704986524,0.29419080871334724,0.04150971476243281
0.13008522604835582,0.3467474033530147,0.832111718099924,0.01923091841572211,0.3954661035210964,0.10485713054346421,2004-05-26T01:20:23Z,ls5,qg0651yd85t0,0.019370992209005053,0.34927303541325777,0.13103273831317647
0.040344454236434596,0.1767979352889337,0.9281592561774176,0.003921188467833313,0.6062193126022913,0.1716228125393428,2004-05-27T01:22:31Z,ls7,qg0651yd85t0,0.003940598921093054,0.1776731107841939,0.0405441651530789
0.027197990422187616,0.24070147192760818,0.6921511522737962,0.007484560918999912,0.6449687105209038,0.07858506918941152,2004-06-04T01:14:53Z,ls5,qg0651yd85t0,0.007513429980525185,0.24162989320408707,0.02730289710507247
0.06200456567548584,0.3823918286115664,0.8454831590752867,0.007122453757902131,0.3779325684851323,0.16945680168578786,2004-06-12T01:22:48Z,ls7,qg0651yd85t0,0.0071396759963642115,0.38331645985273,0.0621544939799857
0.1207614852108244,0.45872226248599923,0.20380413154372123,0.027813510302099515,0.17888779583463024,0.21051316246850527,2004-06-19T01:28:33Z,ls7,qg0651yd85t0,0.02796472816730213,0.46121626631725277,0.12141804721230968
0.1669765385359383,0.22764749772017573,0.9345410802792953,0.013104706109928982,0.3594384723795838,0.2303866029237019,2004-06-20T01:14:56Z,ls5,qg0651yd85t0,0.013183328235876554,0.229013276554685,0.16797831990615275
0.12566178142581555,0.5403208414937396,0.01357403856589845,0.026008571177078978,0.11013430744742497,0.19500436444190158,2004-06-27T01:21:20Z,ls5,qg0651yd85t0,0.02611644550471308,0.5425619006848034,0.12618298192115687
0.13373044117612515,0.5402556477168354,0.22994283853695596,0.026757011343589317,0.06727460224616692,0.228640625036704,2004-07-05T01:28:33Z,ls7,qg0651yd85t0,0.026884608987346688,0.5428319947830333,0.1343681689467491
0.3404040404040404,0.5728282828282828,0.9998209182012229,0.0098989898989899,0.0,0.0707070707070707,2004-07-06T01:15:25Z,ls5,qg0651yd85t0,0.009965062596641547,0.5766517345464715,0.3426761321498164
0.07369804618117229,0.29594138543516874,0.9898158532614594,0.0029413854351687395,0.5660746003552398,0.0586145648312611,2004-07-14T01:22:44Z,ls7,qg0651yd85t0,0.0029629378987293016,0.2981098417854967,0.07423805512927305
0.1378102637386491,0.6112837270721029,0.0,0.022082269093014008,0.046487102492673925,0.17892442386310192,2004-07-29T01:22:10Z,ls5,qg0651yd85t0,0.02217997622682681,0.6139884663661965,0.13842003105120076
0.14310997123832614,0.5760900764354414,0.19559892912702148,0.019763655048809392,0.029364342270665568,0.228620451596509,2004-08-06T01:28:20Z,ls7,qg0651yd85t0,0.019845267799961066,0.5784690036092339,0.14370093472363046
0.07991870229250622,0.6105497940500517,0.715862305994718,0.0058254232000865816,0.08691915430012033,0.21664533954684645,2004-08-07T01:16:08Z,ls5,qg0651yd85t0,0.005826607760086073,0.6106739451784571,0.07993495321448998
0.1445867579435573,0.616868071110073,0.03976158604970881,0.018741520498682274,0.029104869838124176,0.18806455441291992,2004-08-14T01:22:30Z,ls5,qg0651yd85t0,0.018804798677682835,0.6189508417276534,0.14507493534361973
0.12737626141278233,0.39234502642960123,0.992471328823125,0.0049783757808745804,0.28159538683325325,0.19149447381066795,2004-08-15T01:22:10Z,ls7,qg0651yd85t0,0.004999348881517516,0.39399791325218214,0.12791287722237915
0.15346549452776656,0.5914682559789218,0.2859882059259795,0.019539014997973243,0.017924098094852046,0.21448115119578434,2004-08-22T01:28:19Z,ls7,qg0651yd85t0,0.019618809228050035,0.5938837182786127,0.15409222320270063
0.11089250740722138,0.6359746145733943,0.8559169349878804,0.008590870285742984,0.04238437201827951,0.20179028775171998,2004-08-23T01:16:58Z,ls5,qg0651yd85t0,0.00859504767050519,0.6362838627142348,0.11094642984526056
0.18856597469274927,0.5708881672773546,0.42288810100937013,0.023857145991555893,0.05600255768103586,0.1560780970351587,2004-08-30T01:22:56Z,ls5,qg0651yd85t0,0.02399749261742664,0.5742465835797601,0.18967526908661864
0.16865885762698776,0.593248633190917,0.20361238739553567,0.01958013351231889,0.013984949768204625,0.1998369141800622,2004-09-07T01:28:14Z,ls7,qg0651yd85t0,0.019697654049930683,0.5968093289474703,0.16967115305433222
0.065,0.4577928483353884,0.9970659527513477,0.005548705302096179,0.3563501849568434,0.11344019728729964,2004-09-08T01:17:00Z,ls5,qg0651yd85t0,0.00556832393176274,0.4594114724767893,0.06522982134730505
0.1354947216812059,0.7438330250904271,0.4473879382077349,0.015168136958051692,0.023155861798065436,0.07878361347976236,2004-09-15T01:23:22Z,ls5,qg0651yd85t0,0.015228583253852283,0.7467972619762892,0.13603467949203074
0.15788732394366198,0.8074647887323945,0.9998715675988568,0.030422535211267608,0.0,0.0,2004-09-16T01:21:59Z,ls7,qg0651yd85t0,0.03055162659123055,0.810891089108911,0.15855728429985855
0.13496324068641827,0.6545405314975065,0.2106797872725299,0.019473063031680855,0.024205228806101497,0.16326956218832503,2004-09-23T01:28:09Z,ls7,qg0651yd85t0,0.019558476733858857,0.6574115092132261,0.1355552230584885
0.031697916666666666,0.04266145833333334,0.9965268984479577,0.0054062500000000005,0.8890625,0.030208333333333334,2004-09-24T01:17:48Z,ls5,qg0651yd85t0,0.005471555664381327,0.04317679426488194,0.03208081673740342
0.16974270876180378,0.574085666962151,0.17763286422343616,0.021972808119290567,0.09587986476647581,0.1335442049531368,2004-10-01T01:23:44Z,ls5,qg0651yd85t0,0.022109807890895863,0.5776650731458622,0.17080104924362935
0.052253728809963304,0.48569717607620994,0.8294815672370753,0.004948443765514608,0.24371459486983643,0.21300362803131564,2004-10-02T01:21:56Z,ls7,qg0651yd85t0,0.004951929541781984,0.48603931024398545,0.0522905373130804
0.0475905891439304,0.5988519036446296,0.6908415035635469,0.007328168791579145,0.07093833560549766,0.2770714239741617,2004-10-10T01:17:44Z,ls5,qg0651yd85t0,0.007308211905249054,0.5972210433697779,0.0474609851453136
0.12603232052697297,0.6729082502397802,0.00041604862342170534,0.0211266400043432,0.00533125825657359,0.17390289364628386,2004-10-17T01:24:05Z,ls5,qg0651yd85t0,0.02114463835751123,0.6734815188870901,0.12613969085254126
0.05329063815537695,0.6027267508610792,0.8487464274085598,0.007682740145426713,0.002057022579410639,0.336084003061615,2004-10-18T01:22:25Z,ls7,qg0651yd85t0,0.0076614276380205255,0.6010547408622404,0.0531428058587135
0.0,0.5828571428571429,0.999974675301183,0.09357142857142857,0.0,0.2857142857142857,2004-10-26T01:18:05Z,ls5,qg0651yd85t0,0.09880826670689397,0.6154774475788204,0.0
0.1040026660617793,0.7466797587493748,0.4178521037589089,0.01735351419879872,0.06650239417319458,0.061894271074472616,2004-11-02T01:24:24Z,ls5,qg0651yd85t0,0.01742483250474206,0.7497484130211344,0.10443008922645625
0.14721077143621433,0.799373289526932,0.7362740132411997,0.01954840081485392,0.012497170646052965,0.015309376993408463,2004-11-10T01:28:28Z,ls7,qg0651yd85t0,0.01967103686935981,0.8043881235910303,0.14813429190014854
0.07646703081147962,0.7065102453450824,0.7002912340363951,0.008936777620182875,0.058593113438150705,0.1489694299423605,2004-11-11T01:18:22Z,ls5,qg0651yd85t0,0.00894268423945433,0.7069772019157832,0.07651757046425134
0.16793758770340217,0.7629833793340577,0.22139575268622702,0.021509311661880737,0.013781631306513517,0.029665820996775304,2004-11-18T01:24:37Z,ls5,qg0651yd85t0,0.02160240736725839,0.7662856921652216,0.1686644481642312
0.026063883047962345,0.4986362270952238,0.9819344452082052,0.021109442274957445,0.00040052067687994393,0.45168719335135676,2004-11-19T01:22:44Z,ls7,qg0651yd85t0,0.021190766488454804,0.5005572252183204,0.026164294264988067
0.15275996786157456,0.7789145914437199,0.21426323215513188,0.017406963172034974,0.0068259621383563816,0.04067951129334141,2004-11-26T01:28:36Z,ls7,qg0651yd85t0,0.017469560572901544,0.7817156560774267,0.15330930991797403
0.07441322525285719,0.8198883290125487,0.7027567743569336,0.01188501843940556,0.025121407967283748,0.06794586239213252,2004-11-27T01:18:40Z,ls5,qg0651yd85t0,0.011894804601778141,0.8205634276971666,0.07447449734163894
0.14313286862572347,0.6720076020038028,0.0001284324011432414,0.017430207924392458,0.06494991397542103,0.09952256810957595,2004-12-04T01:25:00Z,ls5,qg0651yd85t0,0.017492110566642894,0.6743942084262196,0.1436411989221405
0.07555180758231284,0.8352152232895798,0.8273235411164575,0.011282959176190828,0.03367938067652081,0.04137902135995558,2004-12-05T01:22:30Z,ls7,qg0651yd85t0,0.011318343259934227,0.8378345118062841,0.07578874289730529
0.23460078726577324,0.7025140257078796,0.6433956803299447,0.01717619129746675,0.00933356329068977,0.029284054824539156,2004-12-12T01:28:43Z,ls7,qg0651yd85t0,0.017303828315849507,0.7077344377340687,0.23634411583485285
0.05126962417441114,0.8277052428546379,0.6905140913859846,0.009172774563095447,0.04332807294406453,0.07012683383014788,2004-12-13T01:19:24Z,ls5,qg0651yd85t0,0.00915622346933282,0.8262117550349959,0.05117711472145899
0.14860500284334788,0.7749489284019659,0.001183025216164424,0.013962848129004685,0.022585599258194092,0.037412662134213265,2004-12-20T01:25:18Z,ls5,qg0651yd85t0,0.013999857715546838,0.7770029892329982,0.14899889165904753
0.05198450333178366,0.7822993956299396,0.8249068412864947,0.003979751020197325,0.05626323673743479,0.10694767291698952,2004-12-21T01:22:37Z,ls7,qg0651yd85t0,0.003972750382370298,0.7809232807138774,0.051893059249328057
0.0826721956294309,0.8588461066400154,0.6904978112224593,0.013183244788105132,0.010415022881489664,0.03244320539570658,2004-12-29T01:19:15Z,ls5,qg0651yd85t0,0.013216941265500756,0.861041324045432,0.08288350641187099
0.16133801237292433,0.7898241923229984,0.0,0.013995170218154203,0.010316196953800514,0.021088238486306574,2005-01-05T01:25:31Z,ls5,qg0651yd85t0,0.01404502535119898,0.7926377908413764,0.16191274836731748
0.10254526594706732,0.7822356191395619,0.8238685286349987,0.0042034939251712556,0.025685793219607882,0.08409247296367427,2005-01-06T01:23:08Z,ls7,qg0651yd85t0,0.004209344661729229,0.7833243930536725,0.10268799610131613
0.17000376599692782,0.7771079882500896,0.20746174161571573,0.01202489666332672,0.009341954803472021,0.02830660236322013,2005-01-13T01:28:56Z,ls7,qg0651yd85t0,0.012065201181594315,0.7797126645300815,0.1705735771216321
0.09332423224831336,0.8322054691832791,0.7031891031438804,0.0057642168902323826,0.018606436986159443,0.04858516726290962,2005-01-14T01:19:51Z,ls5,qg0651yd85t0,0.005773590704669461,0.833558808204034,0.09347599684222739
0.17442736193853556,0.7933428008189465,0.0007289895445171668,0.011832872630639533,0.0038720748999397196,0.012993807214477468,2005-01-21T01:25:44Z,ls5,qg0651yd85t0,0.011875525468504806,0.7962024886488732,0.17505610376820482
0.11989579294869533,0.8231289136385531,0.8460276400998517,0.005017093715856623,0.00944559968984598,0.040637225531314984,2005-01-22T01:23:09Z,ls7,qg0651yd85t0,0.005027018309365132,0.824757190951202,0.12013296551827189
0.1962982879222507,0.7654609805536201,0.20039795955283812,0.013283985919698852,0.003947642273479988,0.01644209973848284,2005-01-29T01:28:58Z,ls7,qg0651yd85t0,0.013346206760819547,0.76904632205752,0.1972177291696976
0.11327317752669863,0.867583965330444,0.7078162873991534,0.0022189753908063766,0.0020368364030335863,0.015297941495124593,2005-01-30T01:20:03Z,ls5,qg0651yd85t0,0.002218047926066399,0.8672213414184584,0.113225832757317
0.1798391221006151,0.7956831945702344,0.0053579827068485075,0.010469630340924387,0.0008493101855388119,0.009489722801159572,2005-02-06T01:25:56Z,ls5,qg0651yd85t0,0.010508589364115063,0.7986440479165577,0.1805083297326288
0.12840743285242254,0.8323916860230528,0.8341214138417568,0.002475872673144241,0.006357618782783176,0.02880012213607267,2005-02-07T01:23:17Z,ls7,qg0651yd85t0,0.002479900967130204,0.8337460038194175,0.12861635429459647
0.19395551560316296,0.7754411270234478,0.2091693498788032,0.012636400441916162,0.0011093651000601574,0.01228078602520203,2005-02-14T01:29:08Z,ls7,qg0651yd85t0,0.012695292911289142,0.7790551026198759,0.19485945334357282
0.1239579866759865,0.848845004732066,0.7075666582251003,0.00330292027241855,0.0025732542387559305,0.01993034893574906,2005-02-15T01:19:55Z,ls5,qg0651yd85t0,0.0033076253577161993,0.8500542038111656,0.12413456765661315
0.17315128507454444,0.796832771734265,0.05034369234108749,0.011037488404518951,0.0016381295608098455,0.012480261491193148,2005-02-22T01:26:13Z,ls5,qg0651yd85t0,0.011092169055905626,0.8007803487017606,0.17400909119033067
0.13792017092763859,0.8285945600603273,0.8272873629752904,0.003789314927889903,0.0027859529320583584,0.023649179400705916,2005-02-23T01:23:01Z,ls7,qg0651yd85t0,0.003802049369832819,0.8313791502884031,0.13838366800899968
0.17818017861568322,0.8029933774355249,2.351579175863261e-05,0.00948976767660323,0.0007235798388949489,0.004791907483081799,2005-03-10T01:26:26Z,ls5,qg0651yd85t0,0.009526371631264094,0.8060906854184264,0.1788674556283327
0.1680311650021801,0.8171599568133213,0.8257552186968633,0.003513796898033761,0.00023877250171293316,0.007993688100824283,2005-03-11T01:23:04Z,ls7,qg0651yd85t0,0.0035246812649013214,0.8196911983783682,0.16855165975419342
0.23949029843057784,0.7320505969756292,0.20989653051626211,0.015551106379568892,0.0009753082180019918,0.00592511189715764,2005-03-18T01:29:14Z,ls7,qg0651yd85t0,0.015645752558378065,0.7365059579002863,0.24094786942617608
0.13567541095307045,0.8259705306191975,0.9575232444556999,0.008052976748147518,0.005834256025892172,0.020143088322970785,2005-03-19T01:20:44Z,ls5,qg0651yd85t0,0.008088883724562124,0.82965340532375,0.13628036660282497
0.1821861727144459,0.798084566404978,0.0,0.009110017727289171,0.0007362251727506241,0.005945877500814008,2005-03-26T01:26:34Z,ls5,qg0651yd85t0,0.009146270119825502,0.8012604630765984,0.18291116413001157
0.14737240347864616,0.8313564504514487,0.8367190043775551,0.002486678114440813,0.001240791004265219,0.015199689802248935,2005-03-27T01:23:02Z,ls7,qg0651yd85t0,0.00249261844187497,0.8333424451411114,0.14772445561049946
0.25231994554118453,0.6835470492747551,0.6545530190658804,0.006159292035398229,0.005262606692150599,0.047080693302612976,2005-04-03T01:29:11Z,ls7,qg0651yd85t0,0.006196105614147419,0.6876325534175417,0.25382804097354716
0.16686642698933285,0.8226541088012407,0.7247765999782931,0.004270287678525656,0.00015774011002372675,0.002609284319975813,2005-04-04T01:20:50Z,ls5,qg0651yd85t0,0.004285078497032894,0.8255035017540157,0.16744439531895194
0.1250111952741651,0.7915111238149684,0.962029231938063,0.0031742175217950547,0.011147634700585966,0.06607593730646467,2005-04-12T01:23:21Z,ls7,qg0651yd85t0,0.003184847381537771,0.794161746267016,0.1254298343443956
0.22283874195242098,0.752801988430866,0.19726674143482503,0.013999553819910002,0.0010185525286918586,0.004333355116536381,2005-04-19T01:29:04Z,ls7,qg0651yd85t0,0.014070394791985224,0.7566113401664019,0.2239663573963845
0.21653641816623823,0.7749340188517566,0.9894450273144966,0.0018320479862896318,0.0,0.000856898029134533,2005-04-20T01:20:29Z,ls5,qg0651yd85t0,0.0018428204254145248,0.7794906295990525,0.21780965194639829
0.17024421160426603,0.8179943552214199,0.7103071524185087,0.005592451981916727,0.0,5.619801683442815e-05,2005-04-27T01:26:42Z,ls5,qg0651yd85t0,0.00562684962672582,0.8230256151012958,0.1712913372551439
0.16151446546604628,0.8118880760873274,0.8409988784776238,0.003818701009112731,0.0018999078487809873,0.018475750577367205,2005-05-14T01:23:22Z,ls7,qg0651yd85t0,0.003828091632463934,0.8138846018974588,0.16191164804392894
0.1632706503679089,0.82298065511512,0.0854889475778734,0.007248971437613735,0.00021362449560882981,0.0019226204604794682,2005-05-29T01:26:58Z,ls5,qg0651yd85t0,0.0072808091018993154,0.8265952067844955,0.16398773915751697
0.16340465573456078,0.8249525316455697,0.8490937375637639,0.004114283659378597,0.0008750479478327579,0.003548139624088991,2005-05-30T01:22:55Z,ls7,qg0651yd85t0,0.004127156830753892,0.8275337234630441,0.16391593213428032
0.2052060766089116,0.7578891049440046,0.23066640136029815,0.009843734937209464,0.008231778285128485,0.014801212312163328,2005-06-06T01:29:03Z,ls7,qg0651yd85t0,0.009884489272617238,0.7610268638314399,0.20605565629865116
0.14495661852462755,0.8265751431521636,0.7302159835027676,0.006770996768180659,0.004331442517868877,0.013872685092059916,2005-06-07T01:20:51Z,ls5,qg0651yd85t0,0.006795173193146228,0.829526500627437,0.14547419856948773
0.27099489823609235,0.7095809136137494,0.0001266234940848765,0.011277738579828129,0.0005807327001356852,0.0025146992311171415,2005-06-14T01:27:05Z,ls5,qg0651yd85t0,0.011335170502586218,0.7131944568726942,0.2723749406934667
0.2604122779019044,0.728705181402277,0.8639846604681451,0.004094052558782849,0.00038567932758804127,0.001954995212256623,2005-06-15T01:23:12Z,ls7,qg0651yd85t0,0.00411238660185532,0.7319684790739936,0.26157845978430627
0.29401521564833355,0.6840271525640854,0.19229767374552298,0.01328605598032761,0.0004098415727166449,0.0025396740079818327,2005-06-22T01:28:58Z,ls7,qg0651yd85t0,0.013362744604034454,0.687975434957741,0.29571230485752603
0.2661278649858262,0.72396442985958,0.7530498173003871,0.004299474798379712,6.592488957580996e-05,0.0003296244478790498,2005-06-23T01:20:57Z,ls5,qg0651yd85t0,0.004322012988413382,0.7277595091804173,0.26752292849371456
0.26896643798087677,0.7102095986294288,0.7656000144712565,0.0091049613755103,0.0019215780091217077,0.005456046796984125,2005-06-30T01:27:09Z,ls5,qg0651yd85t0,0.009144958169819443,0.713329447913926,0.2701479691101487
0.26597313105953363,0.721697737774098,0.8645454216562353,0.004861648994417885,0.00020031516252236854,0.0019764429368873695,2005-07-01T01:22:45Z,ls7,qg0651yd85t0,0.004887564158813,0.7255447690055736,0.26739090873620364
0.27891444929055237,0.6989322108395033,0.1974693390253609,0.01265217342304268,0.0003133065106896124,0.003378751507364957,2005-07-08T01:28:57Z,ls7,qg0651yd85t0,0.012726376284050987,0.7030313302525124,0.28055023544538193
0.2508758711345127,0.736526917964648,0.753675699142578,0.004660321796538227,0.0009326371600831295,0.002871347477106328,2005-07-09T01:21:25Z,ls5,qg0651yd85t0,0.004679736554086969,0.7395952664960792,0.2519210123126442
0.14532918490647953,0.5701125682862414,0.0,0.01059645092435151,0.06679751094388771,0.2046669802105568,2005-07-16T01:27:18Z,ls5,qg0651yd85t0,0.010632898823165187,0.5720735461032149,0.1458290639191754
0.2655136268343815,0.6399044956906591,0.9922343619984805,0.002424877707896576,0.043559282552993246,0.04379221989284882,2005-07-17T01:23:11Z,ls7,qg0651yd85t0,0.0024377133450349305,0.6432917105935547,0.26691907361556816
0.16923012648977445,0.6719119085232829,0.32671755725190843,0.007324880979247947,0.024962117548441177,0.12475148037097936,2005-07-24T01:28:57Z,ls7,qg0651yd85t0,0.00734058874438151,0.6733527830548185,0.16959303028137948
0.13296739978613337,0.7252819282679691,0.8748200137476936,0.005014883962891246,0.031314123869252336,0.10436114563162914,2005-07-25T01:21:37Z,ls5,qg0651yd85t0,0.005021044738531337,0.7261729357706225,0.1331307499899647
0.23309746437343473,0.6640386340909298,0.4012463369632069,0.010419784714942164,0.01595453817639115,0.07270931079174509,2005-08-01T01:27:28Z,ls5,qg0651yd85t0,0.010463186535059813,0.6668045727486311,0.23406839174817293
0.16050357314770244,0.7722286814529565,0.9511468470749973,0.006463139186136928,0.007516569778205651,0.050098122708927315,2005-08-02T01:23:09Z,ls7,qg0651yd85t0,0.006485090801892026,0.7748515040167474,0.16104871269422744
0.28013640537250967,0.6728187311823366,0.576435367750805,0.01531067028250518,0.003399457624223271,0.02195127159360253,2005-08-09T01:28:54Z,ls7,qg0651yd85t0,0.01541160858997126,0.6772544079165305,0.2819832542756725
0.19088651854474642,0.7591763299991149,0.9182591078470388,0.006776135257147917,0.0011064884482606002,0.03855005753739931,2005-08-10T01:21:45Z,ls5,qg0651yd85t0,0.006800953188453186,0.7619568509437978,0.1915856498820892
0.22658021712907117,0.2209288299155609,0.9910024962917405,0.008934459187776437,0.05609167671893848,0.4817048652995577,2005-08-18T01:23:04Z,ls7,qg0651yd85t0,0.009047204912325427,0.22371677493596784,0.2294394781332106
0.15558499291657843,0.43823241945435054,0.00021887775406104204,0.00958793122477153,0.2966587600122309,0.09666744466698872,2005-09-02T01:27:39Z,ls5,qg0651yd85t0,0.009639865949387674,0.4406061828334021,0.1564277465379906
0.05921124118356457,0.34366386083736333,0.8515050106725517,0.0025600857584875316,0.5110669866367812,0.082944537159981,2005-09-03T01:22:56Z,ls7,qg0651yd85t0,0.0025635794508380196,0.3441328512990172,0.05929204545338252
0.16040535597025266,0.43057799580556555,0.20388734126840558,0.009490646592760398,0.13654179551790815,0.26026625343382404,2005-09-10T01:28:38Z,ls7,qg0651yd85t0,0.009533604536666143,0.4325269405070755,0.16113140600452613
0.05935871657062149,0.36080354495614625,0.6644423139539091,0.002342441901209145,0.22286971100197842,0.3544039719034194,2005-09-11T01:21:53Z,ls5,qg0651yd85t0,0.0023436705671491262,0.36099279491213593,0.05938985161531724
0.17616983825186838,0.6730411941248939,8.501863174270596e-05,0.01687647551526575,0.04242971346285003,0.08700497310831028,2005-09-18T01:27:40Z,ls5,qg0651yd85t0,0.01696372948765943,0.6765209205475622,0.1770806633936181
0.07392777680557985,0.6286096597585061,0.855283817517456,0.0037804054898627547,0.10472238194045148,0.18890777730556735,2005-09-19T01:22:26Z,ls7,qg0651yd85t0,0.0037806838010696416,0.6286559376283107,0.07393321932460074
0.10191199357536483,0.7394035612417269,0.6733927860786513,0.007573703303702473,0.07270914679737477,0.07582731023787766,2005-09-27T01:21:28Z,ls5,qg0651yd85t0,0.007596670810289235,0.7416458270768294,0.10222104507762898
0.16394852821449907,0.7129676152913719,0.00016280163525195235,0.01632458885893656,0.03334177627413023,0.07060590161561703,2005-10-04T01:27:37Z,ls5,qg0651yd85t0,0.016375972595673333,0.715211772284393,0.16446457723018643
0.16979643478821474,0.7251028072243659,0.2143771932998083,0.02068057691776343,0.008975197325400407,0.0720801827274653,2005-10-12T01:28:37Z,ls7,qg0651yd85t0,0.020756579058485575,0.727767595823438,0.17042044506521078
0.09358743917993295,0.7763603618498748,0.6936579718534062,0.0075246823184845785,0.020513486702253295,0.10074283149888989,2005-10-13T01:21:48Z,ls5,qg0651yd85t0,0.007535583360609281,0.7774850787017326,0.09372301973651505
0.18991689464999137,0.7362949271900874,0.00026771824463656113,0.01741591757859996,0.011665146777835679,0.04078006484859012,2005-10-20T01:27:35Z,ls5,qg0651yd85t0,0.017488396542569076,0.7393591294210413,0.19070726240996386
0.08735001686064929,0.7583833191976374,0.8229785463622878,0.004763797631334239,0.034610314629934295,0.1139064591614637,2005-10-21T01:22:58Z,ls7,qg0651yd85t0,0.0047693209247353825,0.7592626121287455,0.08745129315512132
0.11599565940415457,0.8141652244989995,0.6791089323830541,0.0069242650582034436,0.01140956622227233,0.0488683446545844,2005-10-29T01:21:23Z,ls5,qg0651yd85t0,0.006943749811155792,0.8164562702819684,0.11632206903001906
0.19622298982017955,0.7630177215006643,0.00028580731522009906,0.01629115082998289,0.0040693950371112906,0.016053211547021506,2005-11-05T01:27:40Z,ls5,qg0651yd85t0,0.016363720171920216,0.7664166031704548,0.19709707007349214
0.11213737636127487,0.7937697072634627,0.8189464925292138,0.0047928864022379865,0.016814866620041963,0.07019682285942652,2005-11-06T01:23:09Z,ls7,qg0651yd85t0,0.004804929617782322,0.7957642339171039,0.1124191469856453
0.23311972313075224,0.7144080398570016,0.9048731956152093,0.01712615045257473,0.005419487335513806,0.021354681676428084,2005-11-13T01:29:00Z,ls7,qg0651yd85t0,0.017278333476500818,0.7207562718267962,0.23519122568476117
0.0,0.0,0.9999692485800079,0.0,0.0,1.0,2005-11-14T01:22:07Z,ls5,qg0651yd85t0,0.0,0.0,0.0
0.14148405829653268,0.6105857366947186,0.001349444665533106,0.01789638707854382,0.09771153867054054,0.1298720823657698,2005-11-21T01:28:04Z,ls5,qg0651yd85t0,0.017953337205773967,0.612528750959948,0.14193429079796788
0.0,0.0,0.9999457327882494,0.0,0.0,1.0,2005-11-22T01:22:54Z,ls7,qg0651yd85t0,0.0,0.0,0.0
0.17566395657739592,0.7342407238324212,0.21149379544878988,0.025539800230327005,0.0064578735587356795,0.0527412124743635,2005-11-29T01:29:07Z,ls7,qg0651yd85t0,0.025686043262322676,0.7384450476211581,0.1766698230834201
0.07876095621978316,0.8136789450765401,0.8379924749466372,0.005419993077343932,0.02361518964727951,0.07715411842208104,2005-12-08T01:23:22Z,ls7,qg0651yd85t0,0.005428267991187157,0.814921220310193,0.0788812036292592
0.16430587845323943,0.7339256134551464,0.20325603270503967,0.02555099714840982,0.022177016546488185,0.04967579054434495,2005-12-15T01:29:09Z,ls7,qg0651yd85t0,0.02567172095190978,0.737393278181799,0.16508219377545813
0.060387446633923585,0.5931266872004661,0.8478908143699577,0.004648170390895361,0.07420709010691054,0.2676331030217983,2005-12-24T01:23:25Z,ls7,qg0651yd85t0,0.004648152753715572,0.5931244366198849,0.06038721749769067
0.0,0.0,0.9999547773235411,0.0,0.0,1.0,2006-01-09T01:23:11Z,ls7,qg0651yd85t0,0.0,0.0,0.0
0.16782918921224968,0.3166449683947069,0.49118700481169275,0.043221002410392416,0.29828783925028973,0.16816575536294537,2006-01-16T01:29:26Z,ls7,qg0651yd85t0,0.043700250107504154,0.3201560246738804,0.16969013060538038
0.09679718675720946,0.3113342643276038,1.0853442350078346e-05,0.03596175205403625,0.4533930037951282,0.09854489936940816,2006-01-24T01:29:34Z,ls5,qg0651yd85t0,0.036283144883374016,0.31411668160059125,0.09766227035149848
0.038268352836228155,0.22696321561630894,0.8276382909446113,0.005485858214829197,0.5141417851708033,0.21414703258645118,2006-01-25T01:23:19Z,ls7,qg0651yd85t0,0.005505995825672493,0.22779635725665787,0.038408829160415096
0.047163283891430194,0.48941632734238444,0.8271896819941391,0.01256864120251641,0.06381041106214606,0.3856677797200967,2006-02-10T01:23:48Z,ls7,qg0651yd85t0,0.012600078509801717,0.49064047967716734,0.047281251030788285
0.10651266755786702,0.33182379413272783,0.20975362685865195,0.046983821051860525,0.17085179827131555,0.34024776589510697,2006-02-17T01:29:36Z,ls7,qg0651yd85t0,0.047330415410581785,0.33427162090716034,0.10729839951583531
0.03686345519789198,0.5248520941195164,0.7267790600918924,0.011323009494048013,0.09340448352113982,0.3348472610267343,2006-02-18T01:24:21Z,ls5,qg0651yd85t0,0.011297513623022849,0.5236702915867187,0.03678045024238422
0.0016981132075471698,0.2766037735849057,0.9999041279259072,0.04245283018867924,0.0,0.6792452830188679,2006-02-26T01:23:27Z,ls7,qg0651yd85t0,0.04245283018867925,0.27660377358490573,0.00169811320754717
0.10109178541013587,0.3028620353479196,0.20771860641800222,0.04710371721664244,0.34876446668751954,0.19603688677112896,2006-03-05T01:29:38Z,ls7,qg0651yd85t0,0.04753617115092966,0.305642577659051,0.10201989773137081
0.03432892959509769,0.23397509307152503,0.7254712202887016,0.01058663064606464,0.5708035449543702,0.14931637729384245,2006-03-06T01:24:17Z,ls5,qg0651yd85t0,0.010624188990041111,0.2348051699223476,0.03445071883939857
0.09781179645450341,0.3789244979201144,0.02939835751239106,0.04767071461585484,0.22992985045697842,0.24233461555664892,2006-03-13T01:30:37Z,ls5,qg0651yd85t0,0.047973290978205047,0.38132961387253844,0.09843262913562917
0.03630507964311128,0.32033554108051887,0.8678123078036251,0.010770430784388855,0.19704143631287974,0.4342602222343861,2006-03-14T01:23:51Z,ls7,qg0651yd85t0,0.010808166903626662,0.32145789360441634,0.036432280944691184
0.11549953080186619,0.40410325002312947,0.3156814152888825,0.040335020684368415,0.0743897120048638,0.3618085935951151,2006-03-21T01:29:38Z,ls7,qg0651yd85t0,0.040613355526643274,0.40689179487694516,0.11629654399643276
0.046281708903704526,0.6140969615477991,0.7094153612387395,0.01442888179231952,0.06252451117709676,0.2622867138526279,2006-04-07T01:24:54Z,ls5,qg0651yd85t0,0.014437033179538341,0.6144438867077336,0.0463078550830033
0.10864808978844573,0.6233423727219113,9.76809811511492e-05,0.0367735714569999,0.0200681662765076,0.20855298625458152,2006-04-14T01:31:12Z,ls5,qg0651yd85t0,0.036898650189741714,0.6254625604261569,0.10901763685301215
0.056953181784004624,0.7926830246372089,0.8556528345573604,0.008293691571217324,0.01474974310133086,0.12728389182686284,2006-04-15T01:23:46Z,ls7,qg0651yd85t0,0.00829404410201215,0.7927167183397441,0.05695560263005005
0.11114344322255001,0.564398362634415,0.4065193010383127,0.023389761283558068,0.03470410377703543,0.2628075394406379,2006-04-22T01:29:33Z,ls7,qg0651yd85t0,0.02350878933232395,0.5672705268697232,0.1117090405802794
0.052315441167476065,0.8428416861368334,0.7042473137730183,0.010212724314670516,0.01669133567383087,0.07847190791324664,2006-04-23T01:25:10Z,ls5,qg0651yd85t0,0.010206710911017632,0.8423454084426496,0.052284637059255214
0.12182029287711485,0.6813611298042749,0.04575630404109832,0.027572115065636702,0.017798208615705417,0.14950760627458415,2006-04-30T01:31:27Z,ls5,qg0651yd85t0,0.027636523762024388,0.6829527952254972,0.12210486612218883
0.06813163432584204,0.8196178395786583,0.8444140950037987,0.006802618269756195,0.008487286509865017,0.09790608178023741,2006-05-01T01:23:48Z,ls7,qg0651yd85t0,0.006795428518947444,0.8187515778260069,0.06805962536494334
0.12422772868402195,0.668329591593026,0.24261061466661837,0.027005349892524483,0.009412467160257941,0.16930021495103892,2006-05-08T01:29:36Z,ls7,qg0651yd85t0,0.027062178633988312,0.6697359917961124,0.12448914745860251
0.052308871039828383,0.8910406584004802,0.7166853587062696,0.00684622849918913,0.0036329506710423825,0.04865855371531458,2006-05-09T01:25:48Z,ls5,qg0651yd85t0,0.0068283075959668805,0.8887082423252387,0.05217194569243735
0.1468799461084691,0.5710272764073138,0.41461416012445285,0.024577597315311808,0.0868691925231681,0.16738202729803808,2006-05-16T01:31:40Z,ls5,qg0651yd85t0,0.024685640336443392,0.5735375100684842,0.14752562977386616
0.1261630017452007,0.28961012216404886,0.9481748127781194,0.007788132635253053,0.18966841186736474,0.3843280977312391,2006-05-17T01:23:26Z,ls7,qg0651yd85t0,0.007833038633877586,0.29128000021526246,0.12689045155225612
0.22552364224763863,0.6431170426099824,0.3460167866575016,0.02114105135049166,0.017016333135104485,0.0873663684013996,2006-05-24T01:29:36Z,ls7,qg0651yd85t0,0.021279703242612757,0.6473348742274777,0.22700272099340538
0.047834267501923294,0.9092590394548851,0.8354075467602474,0.004618969117485438,0.0018683371799098803,0.038949335091768324,2006-06-02T01:23:48Z,ls7,qg0651yd85t0,0.00460681813057428,0.9068670783037609,0.047708431293986685
0.12918896684853548,0.7137751861613013,0.27657827140841507,0.024720295457614234,0.01674826591185281,0.11353213876705957,2006-06-09T01:29:34Z,ls7,qg0651yd85t0,0.0247782767106036,0.7154493400854447,0.12949197852503921
0.14228690655030163,0.7767385125307008,0.24139864693752033,0.027119917972196386,0.0060686267496482815,0.04567565634165534,2006-06-17T01:32:08Z,ls5,qg0651yd85t0,0.027180409026086188,0.7784710299840334,0.14260427789857677
0.12139169603472823,0.8300634816906667,0.9224937592706487,0.014959040306205804,0.0016570588372581511,0.03118071276868859,2006-06-18T01:23:20Z,ls7,qg0651yd85t0,0.014970618692525675,0.8307059557708418,0.12148565393068575
0.14247360289446656,0.6544846453677297,0.30805144531673967,0.017559806861286775,0.028189154639067456,0.1537267040151834,2006-06-25T01:29:29Z,ls7,qg0651yd85t0,0.017636686415913955,0.6573500805313207,0.1430973743985145
0.11362289898485607,0.8520104842735895,0.8913027748634275,0.012581793975703115,0.0014145448493925778,0.021051755699783656,2006-06-26T01:26:06Z,ls5,qg0651yd85t0,0.012573028815165473,0.8514169275289127,0.11354374310674539
0.13830581248506774,0.774595378681866,0.20501248145870266,0.024692924673197034,0.006730605140107171,0.05346257551452268,2006-07-03T01:32:24Z,ls5,qg0651yd85t0,0.02475119948535286,0.7764234084023978,0.13863221145761936
0.10892384151928258,0.8392589610461726,0.9348485944792156,0.01174806341449871,0.0010828220007218813,0.03875947469250632,2006-07-04T01:23:14Z,ls7,qg0651yd85t0,0.011750839551192169,0.8394572828899414,0.10894958086563827
0.15111114698076183,0.7258036198114234,0.21553308491009737,0.019975972458257336,0.013182865272823282,0.08704795592952229,2006-07-27T01:29:14Z,ls7,qg0651yd85t0,0.02004008241792301,0.728132980291297,0.15159611608843426
0.08319086393262677,0.8832002902307584,0.7083119279331428,0.005573546830717329,0.005972055987249691,0.021730097797843115,2006-07-28T01:26:57Z,ls5,qg0651yd85t0,0.005575457188663132,0.8835030110552933,0.08321937797095082
0.14396394169033633,0.7771974601641349,0.05617379979016679,0.019400650866480375,0.0085459765488744,0.0484278392996094,2006-08-04T01:32:49Z,ls5,qg0651yd85t0,0.01945147766034816,0.7792336008778765,0.14434110561329164
0.09050770024316558,0.8810667354407684,0.8527079338663579,0.003619359909611181,0.0007000221059612409,0.024476211529486896,2006-08-05T01:23:27Z,ls7,qg0651yd85t0,0.0036179865733954935,0.880732421947102,0.0904733578440545
0.15477771363975273,0.743283185415013,0.24791071234759954,0.016291074392091785,0.013940399740240998,0.06916323929095414,2006-08-12T01:29:13Z,ls7,qg0651yd85t0,0.016336407926229736,0.7453515360252424,0.15520841701733276
0.09097940367714455,0.8844952687766215,0.7316016063094678,0.004033064646573569,0.005351269747128916,0.01597967326252224,2006-08-13T01:26:45Z,ls5,qg0651yd85t0,0.004029611431276463,0.8837379408238072,0.09090150473526509
0.13510311857138718,0.7893755710298339,0.06351977135414777,0.014074714364358075,0.00967732589022706,0.04997633787581731,2006-08-20T01:33:01Z,ls5,qg0651yd85t0,0.014101601496667665,0.7908835267062904,0.13536120803099752
0.0832895994320509,0.8934866067771619,0.8675047936037046,0.003360456543702045,0.0022799879856920512,0.018076072413510634,2006-08-21T01:23:25Z,ls7,qg0651yd85t0,0.0033587672132201953,0.8930374433553696,0.08324772903220737
0.14285956243248882,0.7450393223293978,0.23636626750117584,0.012216855540184576,0.01567918664367337,0.08213629214121927,2006-08-28T01:29:10Z,ls7,qg0651yd85t0,0.012244934148775923,0.7467516833741887,0.14318790369214263
0.06818404191234188,0.8962011768070437,0.7027187873087081,0.005415685487060599,0.007386989406302672,0.022611245991615098,2006-08-29T01:27:21Z,ls5,qg0651yd85t0,0.005416807157214601,0.8963867935889648,0.06819816385590284
0.18631830278471778,0.7032713674726462,0.4446709598060852,0.019952703120877414,0.021273823522705435,0.06477261992788202,2006-09-05T01:33:13Z,ls5,qg0651yd85t0,0.020049471595664666,0.7066821583404092,0.18722192661333886
0.07587446934359582,0.8424159747231602,0.7584005643790022,0.006568534227806021,0.009224249593818555,0.06455477272557109,2006-09-14T01:27:09Z,ls5,qg0651yd85t0,0.0065782074210121964,0.8436565639019408,0.07598620635765746
0.15761956867555407,0.7461377207517189,0.016376035599290906,0.017653167625104133,0.010625874685297196,0.06430143793205546,2006-09-21T01:33:25Z,ls5,qg0651yd85t0,0.017723331758153823,0.7491033135237362,0.15824604210075735
0.09402866932685634,0.8757115284524635,0.833175355450237,0.0047212222414989595,0.0027433206106870227,0.02042852185981957,2006-09-22T01:23:15Z,ls7,qg0651yd85t0,0.0047326889794694635,0.8778384257093327,0.09425704284069117
0.14074080801447522,0.7544537437445131,0.22321370427987408,0.015284789124010593,0.011412989057409595,0.07468626505799643,2006-09-29T01:28:58Z,ls7,qg0651yd85t0,0.015342226400848197,0.7572888347744933,0.14126968470925258
0.07618888934043158,0.8909597152958799,0.6884175681053508,0.007622801874031199,0.0015442760190189783,0.021306364623306956,2006-09-30T01:27:44Z,ls5,qg0651yd85t0,0.007641397683571703,0.8931332096943566,0.07637475197974586
0.15185687163322215,0.7516005559441515,0.00435042147534459,0.01683836741367877,0.014034864602163822,0.06169163267716178,2006-10-07T01:33:36Z,ls5,qg0651yd85t0,0.016911146301271378,0.7548491281502173,0.15251322826918562
0.33708333333333335,0.007916666666666667,0.9999565862305995,0.6354166666666666,0.0,0.0,2006-10-08T01:22:42Z,ls7,qg0651yd85t0,0.648108797280068,0.008074798130046749,0.34381640458988527
0.1552538162023943,0.767227223858045,0.2529647986686444,0.014872026461586151,0.015640134051373447,0.042510944945953276,2006-10-15T01:29:01Z,ls7,qg0651yd85t0,0.014943357605838684,0.7709070986834997,0.1559984647133349
0.08838484902626406,0.5528613542969447,0.8987554719438515,0.00950705735215294,0.1327318206181883,0.21327496873324994,2006-10-16T01:27:30Z,ls5,qg0651yd85t0,0.009554390791836903,0.5556139231095523,0.08882489674717249
0.14499318697120875,0.7564940209006435,0.016296443688723294,0.017761722363100408,0.01719531234197175,0.05882558462406976,2006-10-23T01:33:45Z,ls5,qg0651yd85t0,0.017853118733791813,0.7603867068995929,0.14573927740057382
0.10342583629127676,0.86916346426511,0.8150085018631743,0.0034666119080446287,0.003011724212111434,0.01745431077473672,2006-10-24T01:23:23Z,ls7,qg0651yd85t0,0.0034789647438076498,0.8722606190116133,0.10379438125773073
0.11700567291560658,0.6416329281010847,0.2819109294164466,0.012269972340757832,0.06307717885806123,0.16198290064336707,2006-10-31T01:29:16Z,ls7,qg0651yd85t0,0.012334136263208634,0.6449882482515471,0.11761753598381601
0.056540277523482965,0.8137318086741345,0.6739680185232082,0.011162413932766303,0.03203559757430494,0.08440553271525825,2006-11-01T01:27:39Z,ls5,qg0651yd85t0,0.011189316774208544,0.8156930061317029,0.05667654680452527
0.12131824101877645,0.5642991751383812,0.0,0.017780471039398005,0.19289280416772187,0.10014652147172678,2006-11-08T01:33:54Z,ls5,qg0651yd85t0,0.017870531068212483,0.5671574121254859,0.12193273116685312
0.05475295044110293,0.7124565548212707,0.8300188126334069,0.005265566303781034,0.047089997765220444,0.1794315146484479,2006-11-09T01:23:13Z,ls7,qg0651yd85t0,0.005272406076064955,0.7133820090489889,0.05482407246127785
0.04403905370681051,0.8240825351993035,0.6592815021164213,0.006426341608443585,0.03297479241436429,0.09392851833761601,2006-11-17T01:28:12Z,ls5,qg0651yd85t0,0.006415677616443106,0.8227150371578745,0.043965974473702034
0.16184935668950395,0.7543813861695047,0.002769436706341999,0.01748823212507414,0.004021484194315504,0.0568522136302375,2006-11-24T01:34:02Z,ls5,qg0651yd85t0,0.01758950948542811,0.758750138536525,0.162786654153494
0.048290241315300984,0.8194729514717581,0.972714445931768,0.005080217448952532,0.02048528241845664,0.1039512065765049,2006-11-25T01:23:23Z,ls7,qg0651yd85t0,0.005096049273112129,0.8220267302817422,0.048440731450184085
0.14986552548696447,0.7339581764042727,0.28437104301580984,0.014866182693231285,0.027574858321495196,0.0693125116906884,2006-12-02T01:29:38Z,ls7,qg0651yd85t0,0.014939344016508248,0.7375702234592394,0.1506030625120688
0.025782423696122048,0.8394232987312571,0.8133696320683044,0.004074515619396547,0.030792940013375594,0.10196466129704478,2006-12-03T01:27:56Z,ls5,qg0651yd85t0,0.004064963799480138,0.8374554525055733,0.02572198238452624
0.13283564513328122,0.7009172310497526,7.235628233459579e-06,0.015225771323550692,0.08217924227952882,0.06539608115539347,2006-12-10T01:34:10Z,ls5,qg0651yd85t0,0.015287573172835155,0.7037622745062516,0.1333748288859909
0.055361044027493964,0.6952792123351292,0.8052530660974639,0.004361322682519041,0.10176481515883336,0.14373955043655953,2006-12-11T01:23:31Z,ls7,qg0651yd85t0,0.004358400055735062,0.6948132890828874,0.05532394526598467
0.03776859382727535,0.3176473526228938,0.6305831916356137,0.011289534376973965,0.5304547524495522,0.10176720317695045,2006-12-19T01:28:04Z,ls5,qg0651yd85t0,0.011322554726167392,0.3185764278312893,0.03787906181604068
0.13141940049445996,0.48939955332095364,0.000539054303389852,0.015324819645190604,0.09135744821020701,0.2699548615258759,2006-12-26T01:34:18Z,ls5,qg0651yd85t0,0.015386103065432324,0.49135664509669214,0.13194494210179264
0.04277729562571699,0.3861426505062596,0.8186661119351688,0.0033887974462566716,0.04642625567359968,0.5215920993565764,2006-12-27T01:23:58Z,ls7,qg0651yd85t0,0.0033862333738308476,0.38585048263895566,0.0427449289570374
0.0,0.15625,0.9999565862305995,0.31124999999999997,0.0,0.5,2007-01-04T01:28:11Z,ls5,qg0651yd85t0,0.33288770053475936,0.16711229946524064,0.0
0.047189810739436615,0.294286201584507,0.8356065265366666,0.004485035211267605,0.2550616197183099,0.39828345070422533,2007-01-12T01:23:34Z,ls7,qg0651yd85t0,0.0044940306904238435,0.2948764411852289,0.047284457701812076
0.051381561302682004,0.49090426245210733,0.6223002062154046,0.007219348659003832,0.059870689655172414,0.3906082375478927,2007-01-20T01:28:16Z,ls5,qg0651yd85t0,0.007219557556782187,0.4909184671698256,0.05138304807032706
0.1293132048808327,0.6637636220344049,0.0015647046054774183,0.023944234584341122,0.014001141397396527,0.16597548713210317,2007-01-27T01:34:29Z,ls5,qg0651yd85t0,0.024032222541599785,0.6662027563905146,0.1297883925383858
0.0448690715145954,0.6351357458278374,0.8422904381172895,0.0035188392498709644,0.006824568446407065,0.31035155129896197,2007-01-28T01:23:40Z,ls7,qg0651yd85t0,0.003515236740404927,0.634485507958447,0.04482313555577899
0.1384730275467294,0.6893522026268502,0.21882710466336242,0.019238783090346604,0.001438005965061781,0.1480520924028825,2007-02-04T01:29:54Z,ls7,qg0651yd85t0,0.019317047185892985,0.6921565133983858,0.13903634104777676
0.05023489964625541,0.6820232487751356,0.6175029846966462,0.006490976675557573,0.006701284452263398,0.2545731418950873,2007-02-05T01:28:20Z,ls5,qg0651yd85t0,0.006490769742147531,0.6820015057611561,0.0502332981493457
0.09949108467068817,0.7529161540047488,0.7280145436127492,0.024183720296091355,0.026263808618040823,0.09242546172826369,2007-02-12T01:34:31Z,ls5,qg0651yd85t0,0.024313931100653087,0.7569700306200985,0.10002676793294388
0.04686551142462812,0.767480557320306,0.8348576390145075,0.0021398996648191557,0.004392402567529082,0.17952987052818367,2007-02-13T01:23:46Z,ls7,qg0651yd85t0,0.0021388297188623213,0.7670968184316308,0.046842078753794
0.17718703204552252,0.7267944850896334,0.8308816613002423,0.015225901681427281,0.013466392846446755,0.06041158601805502,2007-02-20T01:29:59Z,ls7,qg0651yd85t0,0.01534043628256171,0.7322616894758267,0.17851989537710983
0.06292038339416599,0.7644180539481883,0.6952082052024167,0.005405442297991038,0.023787055995726877,0.14222380486067837,2007-02-21T01:28:44Z,ls5,qg0651yd85t0,0.005413525429618192,0.7655611411198954,0.06301447259408124
0.14252659444533905,0.7830821871952202,0.0003020874787453831,0.024768055181099168,0.005015805577821888,0.03989845345994684,2007-02-28T01:34:30Z,ls5,qg0651yd85t0,0.024890775341226665,0.7869621838563599,0.14323278176464485
0.08176009731817016,0.8615749472673904,0.8379165008501863,0.004718815218240462,0.00466502237648293,0.044462797004564576,2007-03-01T01:23:51Z,ls7,qg0651yd85t0,0.004732843044840074,0.8641361884696563,0.08200314910445612
0.16582094684068927,0.7587848537085137,0.22137042798741002,0.01845921169402615,0.0038100371246300316,0.048396764256276106,2007-03-08T01:30:03Z,ls7,qg0651yd85t0,0.01855175949519342,0.762589126119154,0.1666523130047464
0.06862464351291168,0.8250185568621323,0.6295792482182265,0.007622279954682191,0.0050005860061725985,0.09165136539438215,2007-03-09T01:28:42Z,ls5,qg0651yd85t0,0.0076398928764272135,0.8269249401708794,0.06878321555213868
0.12017331138526101,0.32256571759342995,0.0,0.018128414312072644,0.4231919973951738,0.11171629101696755,2007-03-16T01:34:28Z,ls5,qg0651yd85t0,0.01829457767850245,0.3255223250830589,0.12127480882629724
0.1429131008315621,0.3394116838199648,0.22384863065735683,0.026960463511951364,0.27899047246149833,0.20740341947272253,2007-03-24T01:30:04Z,ls7,qg0651yd85t0,0.027189200523589377,0.3422913084316703,0.14412559911051945
0.045555133696029634,0.31907128139831,0.6093212980717051,0.007864752864914922,0.3677323764324575,0.2590531311494386,2007-03-25T01:28:39Z,ls5,qg0651yd85t0,0.007880025087720002,0.3196908720941544,0.045643595236229406
0.19858287623259807,0.4809674468202315,0.08057595600738032,0.03423472680197374,0.06052223595054655,0.22058881395147517,2007-04-01T01:34:25Z,ls5,qg0651yd85t0,0.034479521268438354,0.48440659123672547,0.20000283759281445
0.04450606089529445,0.2062977951703732,0.8104808074961108,0.003974801947122268,0.13094397251121503,0.6135916770067767,2007-04-02T01:23:53Z,ls7,qg0651yd85t0,0.003985499435613,0.206853009824803,0.044625841221592195
0.12172985305738392,0.3254252063454362,0.2079555732426468,0.025525421483677355,0.04078262815798729,0.4833324959233359,2007-04-09T01:30:04Z,ls7,qg0651yd85t0,0.025698463394871102,0.3276313285711806,0.12255508395262511
0.04327228611314234,0.24472678322143188,0.6190405556962484,0.005902935394725596,0.024738606470973683,0.6810714048299636,2007-04-10T01:28:35Z,ls5,qg0651yd85t0,0.005908719468127179,0.24496658216599615,0.04331468706493938
0.1726520862115155,0.5953595385803361,0.3112803444159039,0.0370552716040952,0.024336945616145488,0.16714381017917834,2007-04-17T01:34:19Z,ls5,qg0651yd85t0,0.037214174778846226,0.5979126036829074,0.17339246574292247
0.049559619258264534,0.44489211000961065,0.8626008465685033,0.0034457653672472586,0.01654883684189739,0.4861171452269047,2007-04-18T01:24:16Z,ls7,qg0651yd85t0,0.0034418657523013017,0.4443886201498476,0.049503532029049085
0.11799155890674634,0.6594426816119486,8.682753880107086e-05,0.028408168286382086,0.028872663593669724,0.16362442381307302,2007-05-03T01:34:12Z,ls5,qg0651yd85t0,0.028466705626362426,0.6608015168617938,0.11823469010510121
0.060306199757952636,0.6947646925703265,0.8161553489381715,0.006212155500673992,0.04052817490382061,0.1996497200712367,2007-05-04T01:23:48Z,ls7,qg0651yd85t0,0.006200234042680167,0.6934314020406269,0.06019046894163556
0.13425357627068601,0.5844432281932083,0.20347852827321733,0.026365795886295156,0.02913931047638946,0.2235262857882557,2007-05-11T01:29:56Z,ls7,qg0651yd85t0,0.02644618900268418,0.5862252799343938,0.1346629347982768
0.050527579058929885,0.681888894084153,0.6518161426865887,0.003992820145155677,0.07294150652265395,0.19325343017305424,2007-05-12T01:27:55Z,ls5,qg0651yd85t0,0.0039786999785074665,0.6794774694594515,0.05034889386633278
0.13569217207752424,0.6731002770980992,0.08476900256864806,0.026987378398997543,0.020634123781025304,0.14197621146419268,2007-05-19T01:34:01Z,ls5,qg0651yd85t0,0.0270393601335506,0.6743967690883327,0.13595353553289874
0.05910327586766665,0.687074445634882,0.8328515610867914,0.0033878770169799683,0.029133253249353376,0.22424596604006364,2007-05-20T01:24:05Z,ls7,qg0651yd85t0,0.003374567067065211,0.6843751367717574,0.05887107687176037
0.05164322635952366,0.5093893920232225,0.7868799971057487,0.003101929263179338,0.24012663707274842,0.1948105960939423,2007-05-28T01:27:43Z,ls5,qg0651yd85t0,0.0031070331347149583,0.5102275342882172,0.05172819941037712
0.11539484005458665,0.8345325209804113,0.8316576824282769,0.0037323103703942495,0.002084609350654933,0.04423884895178535,2007-06-05T01:24:01Z,ls7,qg0651yd85t0,0.003732376395170485,0.8345472839067197,0.11539688139566956
0.1612524942233113,0.6722197348803897,0.19679823450671108,0.022140685455356218,0.008256273281294338,0.1331791381585763,2007-06-12T01:29:48Z,ls7,qg0651yd85t0,0.022217065889209502,0.674538743255195,0.16180877941572486
0.0970075339718197,0.8728901744973172,0.7113997322817553,0.00436794865366294,0.002958431529860101,0.02364864864864865,2007-06-13T01:27:50Z,ls5,qg0651yd85t0,0.0043640358895288625,0.8721082483258874,0.09692063560607497
0.16040488352428656,0.713015685033452,0.26836583336348174,0.01526071670515401,0.023905830461205254,0.0836963670258269,2007-06-20T01:33:29Z,ls5,qg0651yd85t0,0.015324537917352079,0.7159975584417764,0.16107570615383923
0.12324514330878987,0.8291450351512126,0.8260627328967838,0.00522546694954033,0.001726361329506219,0.03972711011273347,2007-06-21T01:24:01Z,ls7,qg0651yd85t0,0.005230546543997889,0.8299510340343245,0.12336494797943803
0.17142084124723014,0.6550126869658119,0.2685648131399009,0.023236660137701808,0.010406774295663184,0.1365394507755619,2007-06-28T01:29:47Z,ls7,qg0651yd85t0,0.023329193984879395,0.6576211015794393,0.1721034793644563
0.15828629032258065,0.7969498847926265,0.9937194746933903,0.015924539170506912,0.01065668202764977,0.017569124423963134,2007-06-29T01:27:08Z,ls5,qg0651yd85t0,0.015934598653355652,0.7974533156053827,0.15838627928964852
0.19151548336293883,0.6763762521288478,0.012210122643898536,0.016885271119087292,0.006239126851868808,0.10535279359789038,2007-07-06T01:33:16Z,ls5,qg0651yd85t0,0.01695456728137031,0.6791520605953709,0.19230145167349957
0.15524283472371356,0.7979374535392745,0.824796497955935,0.0033204964070372507,0.0011770050384075329,0.041226150161063846,2007-07-07T01:23:35Z,ls7,qg0651yd85t0,0.003324301384287205,0.7988518149736578,0.1554207284425835
0.11947749888371502,0.8209683772405434,0.7731341123693065,0.0062261593417107875,0.0006219302162403522,0.05102219812464119,2007-07-15T01:27:01Z,ls5,qg0651yd85t0,0.006237233749796294,0.8224286255791861,0.11969001233013613
0.17144895800275048,0.7595689199196023,0.8290040157736696,0.0030636834867237917,0.020406220247540463,0.04326668782397122,2007-07-23T01:23:31Z,ls7,qg0651yd85t0,0.0030710485767282214,0.7613949223392444,0.17186112101251563
0.17965721154386252,0.63222155318647,0.19488260193191276,0.01778235617915679,0.008036667153465068,0.1578799555141153,2007-07-30T01:29:40Z,ls7,qg0651yd85t0,0.017877139623681593,0.6355914180069753,0.1806148197017628
0.18417074877536743,0.550594821553534,0.9974150718136102,0.013135059482155355,0.06368089573128062,0.1847445766270119,2007-07-31T01:27:17Z,ls5,qg0651yd85t0,0.013199582581365938,0.5532994978699372,0.18507544719040428
0.18057482275604167,0.686979165346203,0.001112477840888526,0.01859394608886192,0.006743872293803931,0.10260682174192555,2007-08-07T01:33:00Z,ls5,qg0651yd85t0,0.018688397885053873,0.690468818150578,0.18149208992863866
0.11404665030903502,0.8510194531581619,0.8252758583263992,0.0026335786978082844,0.0011181165947137931,0.031183029474795787,2007-08-08T01:23:26Z,ls7,qg0651yd85t0,0.002633576443781735,0.8510187247878865,0.11404655269882202
0.18896846360152394,0.6650820271175584,0.19805904272638475,0.01677580307175934,0.007378267607126987,0.11743423056014833,2007-08-15T01:29:35Z,ls7,qg0651yd85t0,0.016859818411887755,0.6684128418918234,0.18991484152901356
0.13592096876991716,0.8360620352666241,0.7871368619080352,0.004830677714042915,0.0003229233057148927,0.02119396643297217,2007-08-16T01:27:08Z,ls5,qg0651yd85t0,0.004838933608951669,0.8374909114427959,0.13615326520956542
0.19430703095003268,0.7166388234319829,0.03891320863934011,0.014508081941171596,0.010846815782935698,0.06019483990453748,2007-08-23T01:32:50Z,ls5,qg0651yd85t0,0.014563019562882551,0.7193525131357447,0.19504281161389964
0.12077780642812723,0.8526096255062263,0.8807405665496907,0.0037318934004762702,0.00042469929772937556,0.02168999984832168,2007-08-24T01:23:44Z,ls7,qg0651yd85t0,0.0037348188763220657,0.853277996383324,0.12087248559430293
0.1796093256985308,0.6977736198790508,0.22318837958105708,0.01331997475764781,0.014153414819868804,0.09154311342525213,2007-08-31T01:29:28Z,ls7,qg0651yd85t0,0.013373819033812635,0.7005942795404159,0.18033537318065063
0.1472882638355111,0.8333022674865487,0.8493831626931008,0.007438749039200615,0.0003723097617217525,0.008683224442736356,2007-09-01T01:26:57Z,ls5,qg0651yd85t0,0.0074606971062056975,0.8357609300796677,0.1477228386096685
0.19000718929254307,0.7281869598470363,0.05394160848015628,0.01590231357552581,0.015646271510516254,0.04577437858508604,2007-09-08T01:32:42Z,ls5,qg0651yd85t0,0.015978631472716668,0.7316816524446507,0.19091906598703046
0.12362593954024247,0.850621239553044,0.9010871531420716,0.0034657376419597306,0.0005852124138183281,0.020409282931914192,2007-09-09T01:23:12Z,ls7,qg0651yd85t0,0.0034703195294747825,0.8517458055878067,0.12378937953698604
0.17783796882418104,0.7548660537664188,0.2684490430881661,0.011725228477607218,0.015281294508624782,0.03615089412881785,2007-09-16T01:29:21Z,ls7,qg0651yd85t0,0.011776609314196856,0.7581739338158106,0.17861726823254986
0.1585304250987489,0.823432372235466,0.7920878405267537,0.007259653030329396,0.0014007551897544763,0.007134281090674973,2007-09-17T01:26:50Z,ls5,qg0651yd85t0,0.00727611026789752,0.8252990485235128,0.15888980492816032
0.20233696673729096,0.7421701513401255,0.008771390325965078,0.019698779679946567,0.011115551735402057,0.019024729410862983,2007-09-24T01:32:34Z,ls5,qg0651yd85t0,0.019814287556828784,0.7465220198243404,0.20352341147256583
0.054980430528375736,0.49979452054794515,0.9981512969863608,0.004696673189823875,0.14677103718199608,0.29158512720156554,2007-09-25T01:23:08Z,ls7,qg0651yd85t0,0.004714908550419574,0.5017350288476696,0.05519389821834914
0.17639804717077084,0.7618316136833657,0.19967620563655442,0.013060924203555322,0.009454496140676031,0.03457457027585973,2007-10-02T01:29:17Z,ls7,qg0651yd85t0,0.013125183934810445,0.7655798242995503,0.17726592534910346
0.17695295121029075,0.8048764210915036,0.7942675735320719,0.009455654911063632,0.0015386914967511628,0.0033323661558210898,2007-10-03T01:26:41Z,ls5,qg0651yd85t0,0.00949232119172168,0.8079974978469863,0.1776391233087199
0.13302739297989796,0.8551559212582025,0.8263268333273036,0.0038442870534319334,0.0003437141964378711,0.004551609207374232,2007-10-11T01:23:05Z,ls7,qg0651yd85t0,0.003856211278867518,0.8578084474212928,0.13344001789602755
0.22834186471663626,0.7523235831809872,0.9703158351723888,0.009443631931748934,0.0,0.0002437538086532602,2007-10-18T01:29:21Z,ls7,qg0651yd85t0,0.009535646327094683,0.7596538772999286,0.23056672256432356
0.12261942281910766,0.7526118964179032,0.9230906985999059,0.007504998000799679,0.011971681915469106,0.10024225603876097,2007-10-27T01:23:17Z,ls7,qg0651yd85t0,0.007547930781459334,0.7569172568546834,0.12332087440962712
0.19623061035445533,0.7427451057408734,0.4473589956948012,0.009527545653020678,0.012163228165270644,0.033475063091018,2007-11-03T01:29:32Z,ls7,qg0651yd85t0,0.009586392705482286,0.747332683884808,0.19744263215342106
0.18374200342654154,0.7997224186982286,0.8849155240403748,0.007518586630200721,0.0004243881737162258,0.0022791216736612126,2007-11-12T01:23:27Z,ls7,qg0651yd85t0,0.00756648700428084,0.8048173926474588,0.18491261050088295
0.17996089147018163,0.7866650493052032,0.5041622951412756,0.006103192525601129,0.004268374989511472,0.017912582220941303,2007-11-19T01:29:41Z,ls7,qg0651yd85t0,0.006135128134891615,0.7907813585239785,0.1809025561306772
0.19296870748299316,0.785178845731841,0.7939202633768677,0.004313188501206935,0.004617072635505815,0.00825982005705508,2007-11-28T01:23:34Z,ls7,qg0651yd85t0,0.004333657168099534,0.7889049903786384,0.19388445976070126
0.21944113881733418,0.7444306431633122,0.3019897977641909,0.012810580655861764,0.0035711138869164547,0.012999061869936818,2007-12-05T01:29:48Z,ls7,qg0651yd85t0,0.0128990832278759,0.7495735815184089,0.22095715949686198
0.12411970229975833,0.5476435254983607,0.9244112007525054,0.014734965419867423,0.11089573312274152,0.1973101682341398,2007-12-14T01:23:40Z,ls7,qg0651yd85t0,0.014848636488600204,0.551868253758941,0.12507720839557754
0.14197778154419807,0.4037793459782334,0.2956007380340798,0.015013892954910808,0.2568296328253802,0.17874917181553443,2007-12-21T01:29:52Z,ls7,qg0651yd85t0,0.01511162149818422,0.4064076294890358,0.1429019443718654
0.0482643310675873,0.250706859031192,0.7980120111428675,0.004791560319891101,0.2882602115293338,0.4070462015170647,2007-12-30T01:23:42Z,ls7,qg0651yd85t0,0.0048062433559083,0.2514751135443685,0.048412230053324685
0.154303563486769,0.5275938681343121,0.3492275966860823,0.018307677340449195,0.06357015788303313,0.23256337558372248,2008-01-06T01:29:54Z,ls7,qg0651yd85t0,0.018403407794559085,0.5303526452114293,0.15511041352725588
0.13363100148794183,0.6318284005362484,0.01770558228718211,0.012614947185432905,0.009806051945373385,0.21082735455737414,2008-01-14T01:30:42Z,ls5,qg0651yd85t0,0.01263589838817552,0.6328777560922879,0.13385293901678902
0.04697430379371959,0.5306803620963682,0.8167595238956622,0.003443568051017286,0.008736512700026653,0.4105371227751508,2008-01-15T01:24:07Z,ls7,qg0651yd85t0,0.0034413643657085634,0.530340757215543,0.04694424294357112
0.1913305089131897,0.7059848871341008,0.5106942585289969,0.021185923740656126,0.002698726053427382,0.07217428594666134,2008-01-22T01:29:53Z,ls7,qg0651yd85t0,0.021338749761093397,0.7110775544216033,0.1927106838172147
0.23917098445595858,0.7219775474956822,0.9979052856264246,0.010069084628670124,0.0,0.017271157167530225,2008-01-23T01:24:20Z,ls5,qg0651yd85t0,0.010188427100773204,0.7305346893311693,0.24200572640052712
0.03495992487075538,0.3556862982110313,0.8054556636879997,0.004462937479079109,0.42837616692081676,0.1755030312046714,2008-01-31T01:23:41Z,ls7,qg0651yd85t0,0.004474364427337273,0.3565970008468733,0.03504943660030124
0.05318603991176584,0.8380191818990986,0.7195434318584711,0.006151752428374246,0.017840327137162833,0.08162949394357658,2008-02-07T01:29:51Z,ls7,qg0651yd85t0,0.006173506056146072,0.8409825581989315,0.05337411466418298
0.1237618566446103,0.4245062311896302,0.001081726420896545,0.015993205631068666,0.07178453592939071,0.36157016562179706,2008-02-15T01:30:08Z,ls5,qg0651yd85t0,0.01606077695373108,0.42629977078273074,0.12428475071235034
0.0461800860132519,0.3100334119718708,0.8397471147932419,0.00400424422345385,0.024776783194681174,0.6143400571164114,2008-02-16T01:23:38Z,ls7,qg0651yd85t0,0.004011641122022654,0.3106061257159186,0.04626539285096621
0.061423467350412986,0.883245623252979,0.8278607865127889,0.004912570143544692,0.0031735356549883356,0.04946302095374204,2008-03-03T01:23:57Z,ls7,qg0651yd85t0,0.004901094407645611,0.8811823665033955,0.0612799824802284
0.1549288139062034,0.7599560203414261,0.18684924568575667,0.014062145459884422,0.002382509576754181,0.06525095322628724,2008-03-10T01:29:41Z,ls7,qg0651yd85t0,0.014113909786455728,0.7627535032524801,0.15549912415802267
0.05332639637606667,0.9300755543297478,0.7835660793748417,0.003178045783917959,0.0016882715275514213,0.013355732183302828,2008-03-11T01:23:52Z,ls5,qg0651yd85t0,0.003172814432168562,0.928544565568404,0.05323861628857308
0.07331644961754381,0.8823085718205829,0.8417911797691835,0.005849464332673991,0.0025611415373709423,0.032082871222602075,2008-03-19T01:23:54Z,ls7,qg0651yd85t0,0.005873078796435095,0.8858704781098454,0.0736124303337464
0.19073079502231605,0.5624038376976015,0.34180384211859194,0.02720678605193151,0.05212936701624783,0.1627723545060792,2008-03-26T01:29:41Z,ls7,qg0651yd85t0,0.027372635077988712,0.5658321782797981,0.1918934651198861
0.048346106099478606,0.5684646197136473,0.7814297601389241,0.0038446577836629974,0.14423570305387734,0.23727551104858066,2008-03-27T01:23:32Z,ls5,qg0651yd85t0,0.00383123676625362,0.5664802107006497,0.04817733843063852
0.04182352312787096,0.9347430830039527,0.9661336420534713,0.0047548338852686665,0.0,0.0161841683580814,2008-04-04T01:23:54Z,ls7,qg0651yd85t0,0.004766920055342202,0.937119078495877,0.041929833090699316
0.18769313002235036,0.6542265664996968,0.19794327267464995,0.024255660328421965,0.017821661595920548,0.11096702022810463,2008-04-11T01:29:40Z,ls7,qg0651yd85t0,0.02439668323604969,0.6580302532023417,0.18878438173758338
0.058524247699577224,0.5341017159910469,0.9272638471835317,0.0023257896045759765,0.1548122357622482,0.24906739617010693,2008-04-20T01:23:28Z,ls7,qg0651yd85t0,0.002330357961714941,0.5351508080423574,0.058639202063572524
0.19686421175099098,0.6751317521985793,0.2210502514380811,0.017715915925679088,0.01276534477113179,0.09332844115099427,2008-04-27T01:29:38Z,ls7,qg0651yd85t0,0.01779943338091225,0.6783144996290412,0.19779228106792046
0.13694459308264828,0.8218130077345915,0.8140714880069462,0.0030119180814321155,0.0009048012842340808,0.03584180571095004,2008-05-06T01:23:24Z,ls7,qg0651yd85t0,0.0030165650443094395,0.8230809487727584,0.13715587918774802
0.3967331392421689,0.5778031944778875,0.7520910965594587,0.00794839801822706,0.00393289991171041,0.005560055162752008,2008-05-13T01:29:33Z,ls7,qg0651yd85t0,0.008013299320180476,0.5825211489019693,0.3999725967033877
0.1132282211658744,0.8266212659494622,0.8192449621938425,0.0026421816362271703,0.02390793094821116,0.03186389792344258,2008-05-22T01:23:18Z,ls7,qg0651yd85t0,0.0026470497478968224,0.8281442818451057,0.11343683953534375
0.20982631819503894,0.7467726082867147,0.521115372092182,0.012321511537865877,0.0009178920966846342,0.024084279870210813,2008-05-29T01:29:26Z,ls7,qg0651yd85t0,0.012398796140639167,0.7514566135092922,0.21114241838317332
0.14249532643083118,0.7661677931166714,0.8490503237943634,0.0016255632250023967,0.01976080912664174,0.06795848911897229,2008-06-07T01:23:10Z,ls7,qg0651yd85t0,0.0016291205061833402,0.7678444269319418,0.1428071543162609
0.10048012254131204,0.7607645644609906,0.8216797510943887,0.0030382738717170997,0.018908692520719424,0.11660698526055245,2008-06-23T01:23:01Z,ls7,qg0651yd85t0,0.003038981731226192,0.7609418080058031,0.10050353248169884
0.1666451467319561,0.5777782491453328,0.19837379255453857,0.01529060938046508,0.03246268235718879,0.20453114598729563,2008-06-30T01:29:07Z,ls7,qg0651yd85t0,0.015356870144456901,0.5802820099343003,0.1673672915767584
0.15713536684734475,0.7687203741098947,0.8468199413914113,0.00472892384360128,0.005290442956507363,0.06161948961396299,2008-07-09T01:23:14Z,ls7,qg0651yd85t0,0.004741655472089016,0.7707899913289081,0.1575584206285325
0.1940539294985138,0.6401663312140252,0.6153395318548533,0.004820172303525075,0.03575392197434257,0.12156709679846507,2008-07-16T01:28:55Z,ls7,qg0651yd85t0,0.004841075264362464,0.6429424501799377,0.19489545578289216
0.5614583333333334,0.4094514767932489,0.9931406244347165,0.016326476793248945,0.0,0.0023734177215189874,2008-07-25T01:22:39Z,ls7,qg0651yd85t0,0.0164983068994713,0.4137608015570201,0.5673674738219896
0.20326059769126822,0.6307249710208216,0.20881480409536557,0.01313491836674036,0.021649218190921915,0.12710599177380008,2008-08-01T01:28:47Z,ls7,qg0651yd85t0,0.013198867218738322,0.6337957276633114,0.20425019515322812
0.14427934654719884,0.7821415965245724,0.8401070872978547,0.002714159652457236,0.004118019730292334,0.06511901529550186,2008-08-10T01:22:57Z,ls7,qg0651yd85t0,0.002718914911434851,0.7835119233751954,0.14453212668757556
0.21483356623138825,0.6229384185418975,0.24919503635903184,0.015205223341203677,0.018450344528501902,0.12340866380764227,2008-08-17T01:28:41Z,ls7,qg0651yd85t0,0.015297273259310296,0.6267095851420527,0.21613413326249284
0.15479027301812115,0.7965868308906283,0.8569534387323179,0.0032803904955803695,0.001732444770419454,0.04117401585756016,2008-08-26T01:22:50Z,ls7,qg0651yd85t0,0.0032887612241460154,0.7986195194224777,0.15518525872539676
0.1998018845995673,0.6965851020079749,0.1906660395788864,0.01383924580256406,0.004680208128453162,0.08094256799041608,2008-09-02T01:28:34Z,ls7,qg0651yd85t0,0.013902358234667614,0.699761805462919,0.2007130601835443
0.12844366939146232,0.8178720435967302,0.7510491660938461,0.004464014532243415,0.003298819255222525,0.0445558583106267,2008-09-03T01:18:47Z,ls5,qg0651yd85t0,0.004470426149323092,0.8190467446031536,0.12862815168167405
0.21076647009876626,0.6619135342426103,0.0,0.0161696031257914,0.04532216634709309,0.06081364639484823,2008-09-10T01:24:45Z,ls5,qg0651yd85t0,0.016260826392787454,0.6656478197778072,0.2119555410874641
0.09468161196713941,0.8419485429353821,0.8229658840128794,0.0032225037806024445,0.013855397065435076,0.045173090284873506,2008-09-11T01:22:42Z,ls7,qg0651yd85t0,0.003226340032065794,0.8429508462838973,0.0947943263337284
0.18011340082812757,0.6503514516167636,0.2442205419485547,0.014157296378736738,0.030597640075632464,0.12128240109140519,2008-09-18T01:28:25Z,ls7,qg0651yd85t0,0.014215925593051838,0.653044733837954,0.18085929940195652
0.11521664282423685,0.8051041388841742,0.7761857385767519,0.0071054481972698405,0.020003394515432923,0.05156430586200487,2008-09-19T01:18:42Z,ls5,qg0651yd85t0,0.007113156170179847,0.8059775138944427,0.11534162955793963
0.20266316020719208,0.6182504316503662,0.0036666546072863238,0.010551096328384713,0.02684311529013622,0.13937359407254632,2008-09-26T01:24:15Z,ls5,qg0651yd85t0,0.010580518862088524,0.6199744699489924,0.2032283018262365
0.06837919857965688,0.8125985259811307,0.8247567020006512,0.00302256446251987,0.006554635727409732,0.11022110283036396,2008-09-27T01:22:09Z,ls7,qg0651yd85t0,0.003019911077201294,0.8118851790780386,0.06831917128698634
0.20015786230952468,0.6395733739551446,0.6271317969682717,0.006019337405217122,0.023111740706062707,0.12564462060166207,2008-10-04T01:28:15Z,ls7,qg0651yd85t0,0.006058432397036141,0.6437273387753866,0.20145786751985248
0.15645993869775704,0.8125476238219371,0.8737057269997468,0.012507089862213182,0.0028789137471712167,0.011315133633160503,2008-10-05T01:18:11Z,ls5,qg0651yd85t0,0.01256177236498496,0.8161001798666556,0.15714400038802767
0.10409001184366365,0.6928965349691761,0.5234759958033357,0.008879938655896024,0.04999013028030004,0.1424504236387379,2008-10-12T01:23:44Z,ls5,qg0651yd85t0,0.008898593590248673,0.694352168828138,0.10430868366257542
0.07249663293643699,0.8833208185838071,0.8482308888969284,0.004987783220700588,0.0013706630433487086,0.03595904697202656,2008-10-13T01:22:23Z,ls7,qg0651yd85t0,0.00499746519464676,0.8850354659077215,0.07263735888225649
0.1826947284205145,0.7527829707460596,0.2357856083354437,0.011229664380919017,0.0013870708897373324,0.048208997971468,2008-10-20T01:28:18Z,ls7,qg0651yd85t0,0.011273512369231,0.7557223300878061,0.1834080886817575
0.08781453781031918,0.8947646865347214,0.7470134944466553,0.006628317698203869,7.15021164626473e-05,0.0092237730236815,2008-10-21T01:17:39Z,ls5,qg0651yd85t0,0.006638349772302591,0.8961189284472156,0.08794744664033752
0.15395507385718035,0.8079278472161523,0.6688687095257047,0.01175405340442269,0.0016606939952801328,0.020196005593916617,2008-10-28T01:23:11Z,ls5,qg0651yd85t0,0.011808455195915038,0.8116672144601855,0.1546676307547027
0.06141328475606815,0.9081173092698932,0.850056076118809,0.0023128890604642185,0.0015200501857839117,0.02692660329102929,2008-10-29T01:22:40Z,ls7,qg0651yd85t0,0.002312198564829032,0.9078461976766021,0.06139495028175575
0.221389908151813,0.7326694610504136,0.21024926739264138,0.01901756796994892,0.0008337341670675004,0.01977370072608168,2008-11-05T01:28:33Z,ls7,qg0651yd85t0,0.0191409989947039,0.7374247558666084,0.2228268102455386
0.2259452120013551,0.7282171926644144,0.012146810896856097,0.015173803572573042,0.004850715521740325,0.020292800835004256,2008-11-13T01:22:45Z,ls5,qg0651yd85t0,0.01526021690774896,0.7323643187326812,0.22723194800282528
0.095551182008609,0.8428956333586539,0.8428313013277378,0.003575259535483277,0.002163754805146974,0.05256312869737357,2008-11-14T01:22:30Z,ls7,qg0651yd85t0,0.003587598224534723,0.8458045766170705,0.09588094165587414
0.17211698117338806,0.3265506683647963,0.00862125104012157,0.014867476562528518,0.2899039145777606,0.19321088797819194,2008-11-29T01:23:16Z,ls5,qg0651yd85t0,0.014964465268165873,0.328680937514138,0.17323979466174355
0.04846537213785321,0.2581431190935164,0.8076317788792011,0.0031579293807889415,0.3905308195025624,0.2992148196906296,2008-11-30T01:22:42Z,ls7,qg0651yd85t0,0.0031629037116854487,0.25854974290874144,0.04854171418638117
0.23481753927779003,0.46110075094569763,0.5165460728627763,0.04111904752996112,0.04506048349378702,0.21078862393971481,2008-12-07T01:28:57Z,ls7,qg0651yd85t0,0.041515910190075916,0.46555108920968347,0.23708389316673872
0.05212585820713833,0.36282739689341187,0.7028038059404508,0.006242696109460972,0.36697180698251936,0.210991137946146,2008-12-08T01:17:22Z,ls5,qg0651yd85t0,0.00625516241116129,0.36355194214045017,0.05222995051972317
0.16660819898430873,0.5146010960202774,0.00016822835642704703,0.022831054028480596,0.0757770110741831,0.21830849587590256,2008-12-15T01:23:46Z,ls5,qg0651yd85t0,0.022891829924868594,0.5159709558109757,0.16705170731407004
0.04872519466237248,0.46900994668263907,0.8157754784559169,0.004191942499729976,0.0774525495124849,0.4016574531386546,2008-12-16T01:23:15Z,ls7,qg0651yd85t0,0.004183612970390447,0.46807800830045093,0.04862837607801914
0.1552738959930242,0.595898522207968,0.20754314243334182,0.020759097528795713,0.045447697484055645,0.17807234196025437,2008-12-23T01:29:06Z,ls7,qg0651yd85t0,0.020881416164349777,0.5994097294781325,0.15618881491320774
0.24337492473406036,0.7058550210744631,0.9459245323975254,0.03281528065832608,0.0020405432528266543,0.005954372114805646,2008-12-24T01:17:51Z,ls5,qg0651yd85t0,0.03314809174707244,0.7130137706980557,0.24584322218723953
0.1820053491839828,0.4198371042208918,0.11806555479179481,0.029794134357226228,0.16793525190185232,0.1967342903614186,2008-12-31T01:24:13Z,ls5,qg0651yd85t0,0.029968373247839145,0.4222923509617607,0.1830697335271293
0.04723616579999399,0.1961705090825293,0.8194584132267284,0.004988828438887052,0.3799833679000471,0.37048503611971106,2009-01-01T01:22:58Z,ls7,qg0651yd85t0,0.005011645966941317,0.19706773899316715,0.04745221102013344
0.15171737841043892,0.47712651701797604,0.2070475018993524,0.02015749612190892,0.039583903640843146,0.308483894515923,2009-01-08T01:29:12Z,ls7,qg0651yd85t0,0.02024852488992475,0.479281161561582,0.15240251539172714
0.05092846554151703,0.43502899710339094,0.7083625773307767,0.0055420752622144485,0.027998486568293606,0.4807626703385993,2009-01-09T01:18:15Z,ls5,qg0651yd85t0,0.00553913570649097,0.4347982546616501,0.050901452724965934
0.17144253764928621,0.5860580853445807,0.027303643138815503,0.027111298319218338,0.004539486653053786,0.20712779370906373,2009-01-16T01:24:37Z,ls5,qg0651yd85t0,0.02723986592140364,0.5888372987148475,0.17225555500163142
0.05446997636977982,0.5448414345972923,0.8361817589812235,0.006341180627636316,0.002351979859102052,0.39122369205627083,2009-01-17T01:23:28Z,ls7,qg0651yd85t0,0.006349260706129214,0.545535684109527,0.054539383268970794
0.15807022303132484,0.5859002860755634,0.19316233131941685,0.017849814813154095,0.02464150875714068,0.2108305159224816,2009-01-24T01:29:17Z,ls7,qg0651yd85t0,0.01791325638140456,0.5879826848777986,0.15863203406117476
0.05542570510846131,0.619477902306256,0.712222784993307,0.006067295664690833,0.044270816964089285,0.27514787320304984,2009-01-25T01:19:05Z,ls5,qg0651yd85t0,0.006063824477588593,0.6191234900897684,0.05539399526550365
0.13435474476321405,0.4879333960421114,0.0,0.02004565681415289,0.2007452697080424,0.1534785282732173,2009-02-01T01:25:03Z,ls5,qg0651yd85t0,0.020153085782485043,0.49054833561917727,0.13507478061707798
0.05146231392712005,0.29703102898583267,0.8388661770558229,0.00515570623498507,0.3016569747861425,0.34315992725476546,2009-02-02T01:23:08Z,ls7,qg0651yd85t0,0.005178070511206073,0.29831948175557566,0.05168554569231029
0.16283421663506953,0.5296535266668874,0.23477081147570633,0.02257482850078242,0.0319525144551029,0.24922583054789924,2009-02-09T01:29:23Z,ls7,qg0651yd85t0,0.022693504350668702,0.532437914704222,0.1636902359421072
0.058132293601703855,0.6318041521219915,0.7341612097970407,0.011076816298201564,0.059886636590660104,0.23791346003361435,2009-02-10T01:19:30Z,ls5,qg0651yd85t0,0.011095566597233422,0.6328736396410524,0.05823069713743972
0.2415606352389743,0.6487270531125724,0.5237672298397309,0.02171006301491619,0.0017396522974425592,0.07894526932324487,2009-02-17T01:25:27Z,ls5,qg0651yd85t0,0.021884251635789095,0.6539320527768748,0.2434987739666487
0.16741499445346852,0.7005506665742244,0.2694620310408451,0.016312695614278352,0.0005893189651757062,0.11009122063309694,2009-02-25T01:29:32Z,ls7,qg0651yd85t0,0.01640569120845435,0.7045443735021852,0.16836939569108766
0.05502800916663635,0.7849809028409298,0.7016280163525198,0.004335540116159228,0.007044729790355631,0.1490790925515017,2009-02-26T01:19:30Z,ls5,qg0651yd85t0,0.004333135620309459,0.7845455514723672,0.05499749056546621
0.22810147647766865,0.3690943275182535,0.43042762562859516,0.028631471300945465,0.28683810195286324,0.08069653921764786,2009-03-05T01:25:51Z,ls5,qg0651yd85t0,0.02893516228032531,0.37300927190338057,0.23052092464578303
0.04922987869331052,0.2933156490662909,0.8203122173582722,0.004345598228217647,0.4076710122313384,0.24423415714501434,2009-03-06T01:23:26Z,ls7,qg0651yd85t0,0.004360677359221235,0.29433344796655575,0.04940070529787024
0.1513661966438524,0.2718030228300013,0.1968072790420028,0.024496679211118394,0.14310133980149586,0.4053389366719142,2009-03-13T01:29:41Z,ls7,qg0651yd85t0,0.02470975279641849,0.2741671818276628,0.1526827889025087
0.07053702340644781,0.33081956916433586,0.8156814152888825,0.007603120859708522,0.16127386034643507,0.4286667648069091,2009-03-14T01:20:16Z,ls5,qg0651yd85t0,0.007623565070659563,0.33170911770414263,0.07072669207185361
0.14653645884989985,0.4658863289230951,0.6352302738685287,0.023679903993017677,0.13633388213357667,0.22204590085890544,2009-03-21T01:26:13Z,ls5,qg0651yd85t0,0.02388530238181424,0.46992740532912136,0.14780750929658235
0.04752052016923047,0.5518735255697881,0.8144386961397924,0.005635881538671503,0.02818233218303406,0.3670916924996588,2009-03-22T01:23:58Z,ls7,qg0651yd85t0,0.005633050212211551,0.5515962780611647,0.04749664704393096
0.15375164383593304,0.5311968974546831,0.2173275207119858,0.02429197761840819,0.013046683784901902,0.27445415402251566,2009-03-29T01:29:47Z,ls7,qg0651yd85t0,0.024403588401492517,0.5336375098506025,0.15445806394048753
0.11369384182888664,0.2480703336339044,0.9658966752288267,0.016589932636715644,0.3266323662016655,0.29263247228557787,2009-03-30T01:20:37Z,ls5,qg0651yd85t0,0.01669433619646198,0.24963148680227368,0.11440933851402103
0.18153243878022485,0.633239334668104,0.06038131760790133,0.025324349299245343,0.019141768057908518,0.13671453873402126,2009-04-06T01:26:33Z,ls5,qg0651yd85t0,0.02544636163257176,0.6362902722406333,0.18240705933486512
0.12639471581724607,0.7214923542855017,0.8052856264245143,0.006310083424685532,0.005964214711729622,0.1364708942606046,2009-04-07T01:23:40Z,ls7,qg0651yd85t0,0.006334961410395451,0.7243368929820128,0.12689303663525767
0.06504839260636885,0.20922211257448667,0.9046814514670236,0.007142558925114814,0.5785668197517744,0.13762477701446085,2009-04-23T01:24:08Z,ls7,qg0651yd85t0,0.007203355146215134,0.2110029748604705,0.06560207322707912
0.14355176286175517,0.4547880588634395,0.22681885604717633,0.02174243735816391,0.18209063472381443,0.19452307980254077,2009-04-30T01:29:56Z,ls7,qg0651yd85t0,0.021858289062946935,0.457211336947049,0.14431665946364872
0.050355479121409606,0.6134252353367126,0.7002279222893528,0.003913890900313782,0.16057204923968138,0.17308713492638184,2009-05-01T01:21:14Z,ls5,qg0651yd85t0,0.0039059552595906806,0.6121814801064056,0.05025338046794048
0.14762042092455546,0.4694396143450102,0.0604030244926016,0.021148956159467717,0.1254418321692323,0.23411136865937146,2009-05-08T01:27:09Z,ls5,qg0651yd85t0,0.021223112585453785,0.47108565132922886,0.14813803525671357
0.06439638554216869,0.42764289156626506,0.8498607141565067,0.004733493975903614,0.13072289156626507,0.37273493975903615,2009-05-09T01:23:47Z,ls7,qg0651yd85t0,0.004731296683337698,0.4274443793147889,0.06436649267657216
0.0669322440115994,0.44931661392195543,0.8633895300459462,0.005341163385018737,0.042835767534857856,0.43602441704956235,2009-05-25T01:24:12Z,ls7,qg0651yd85t0,0.005336553206168476,0.44892879018370696,0.06687447202570429
0.1571017832315783,0.513336299341111,0.2518812633406896,0.022769340506558662,0.0321755425255395,0.271370368131536,2009-06-01T01:29:59Z,ls7,qg0651yd85t0,0.022875981675143434,0.5157405315946956,0.15783757607308554
0.10167740806625647,0.732012481409116,0.813912304185811,0.004399210677242814,0.02284370048506411,0.1380342752714512,2009-06-10T01:24:11Z,ls7,qg0651yd85t0,0.004404632595614627,0.7329146686905481,0.10180272295732196
0.18206198897746745,0.5854893512306325,0.22080604898520317,0.02437843873765536,0.06460764148446677,0.1389145544788905,2009-06-17T01:29:58Z,ls7,qg0651yd85t0,0.024518443260787594,0.5888517961476416,0.1831075646282135
0.1732486918466368,0.6994389686994579,0.80986577909627,0.004956712015983257,0.02671487013604795,0.09177052611549805,2009-06-26T01:23:45Z,ls7,qg0651yd85t0,0.004978570096574762,0.7025233507045803,0.17401268294729902
,,1.0,,,,2009-07-03T01:29:55Z,ls7,qg0651yd85t0,,,
0.09658521266933351,0.7303972210949427,0.8127889729025722,0.00415985467756585,0.009691383075347363,0.15690764682010552,2009-07-12T01:23:42Z,ls7,qg0651yd85t0,0.0041711593453831386,0.7323821216742054,0.09684768908495865
0.19023960754635397,0.5933749797286338,0.19688867985962877,0.0205218300088293,0.050829324107609423,0.1405211092491486,2009-07-19T01:29:51Z,ls7,qg0651yd85t0,0.02063700708820025,0.5967052478922206,0.19130731166282108
0.13585076672307644,0.7625196482521621,0.8257678810462719,0.0043365275802282,0.01452465245693996,0.08016071595427693,2009-07-28T01:23:37Z,ls7,qg0651yd85t0,0.00434905469714792,0.764722372116018,0.13624320477561708
0.19704332840965047,0.5766364144226035,0.2358308310119026,0.018936792220581002,0.04338758853160626,0.1595675680793849,2009-08-04T01:29:45Z,ls7,qg0651yd85t0,0.01904259111720029,0.5798580527912237,0.19814419948058484
0.07897863607087105,0.6606377520386887,0.8342986867334756,0.0035175703852493917,0.07528137724747005,0.18012510507297796,2009-08-13T01:23:31Z,ls7,qg0651yd85t0,0.0035244791021840464,0.6619352837794382,0.07913375479792961
0.1824604143738294,0.6084225800474604,0.18969465648854966,0.0155733972090822,0.042540177206090816,0.14699533209957294,2009-08-20T01:29:43Z,ls7,qg0651yd85t0,0.015650797201721946,0.6114464484164033,0.18336724507621094
0.2123760312997319,0.6011289122401722,0.0008737021091855812,0.016201268428513757,0.07033206176663885,0.09431560804364002,2009-08-28T01:29:03Z,ls5,qg0651yd85t0,0.016311517424559527,0.6052195709043989,0.21382124186076254
0.18208538883653902,0.7473269220109752,0.8694620310408452,0.004778005653788593,0.002272601297045618,0.05914306302311402,2009-08-29T01:23:56Z,ls7,qg0651yd85t0,0.004800479284811162,0.7508420182070606,0.18294183818796847
0.20866692653377594,0.6036710709661229,0.1925364494772258,0.017305603720580126,0.03051198301006761,0.13486206881101837,2009-09-05T01:29:42Z,ls7,qg0651yd85t0,0.017409530903209236,0.6072963610544195,0.2099200562212853
0.13485052085810775,0.7903241093088522,0.6957707752975653,0.0045349141416543785,0.01748085430243067,0.05032583361080721,2009-09-06T01:22:59Z,ls5,qg0651yd85t0,0.004547029402480364,0.7924355015915403,0.13521078109274143
0.18681487795878815,0.6609777474040452,0.004770087912883025,0.01244465932244362,0.03207478239058641,0.1039726781816232,2009-09-13T01:29:16Z,ls5,qg0651yd85t0,0.01249840621343497,0.6638324257055527,0.1876217075088028
0.2085899392821632,0.6346307214667877,0.1977008791288304,0.017713915951001854,0.03079857596042631,0.10276939171685151,2009-09-21T01:29:41Z,ls7,qg0651yd85t0,0.017827027294745734,0.6386831248927054,0.20992188013527116
0.12840382533381453,0.816555214723926,0.6992511124778409,0.005665403584746784,0.013063875857091303,0.033098760976783353,2009-09-22T01:23:12Z,ls5,qg0651yd85t0,0.0056845515099957665,0.8193150072046058,0.1288378044515238
0.1904842622030198,0.702936025289168,0.0014561701819760797,0.0149028921315544,0.018158926840756137,0.06923543744282311,2009-09-29T01:29:28Z,ls5,qg0651yd85t0,0.014973154547662444,0.7062501460027997,0.19138233516595862
0.0028186274509803917,0.1601091800356506,0.9918816251221012,0.0013079322638146168,0.5189393939393939,0.3166221033868093,2009-09-30T01:23:29Z,ls7,qg0651yd85t0,0.0013095470169113505,0.16030684837171874,0.0028221072851667083
0.07523161743809326,0.7679218847691403,0.8090481531058934,0.007192455618499083,0.061764650158200866,0.08521058714310074,2009-10-08T01:23:47Z,ls5,qg0651yd85t0,0.007215113673120393,0.7703410329617612,0.07546861606381679
0.16330982734622015,0.687091894582561,0.018821677942187365,0.01340412783569776,0.047843440907792,0.08612040596222449,2009-10-15T01:29:38Z,ls5,qg0651yd85t0,0.01343873662126197,0.6888659313818212,0.16373148512690033
0.06470317385125533,0.7354619611558504,0.8090698599905937,0.004526954050213168,0.03183325438180957,0.16396020843202275,2009-10-16T01:23:54Z,ls7,qg0651yd85t0,0.004524222482400352,0.7350181828010536,0.06466413190271361
0.16724541302780235,0.718817539803358,0.2098060851633443,0.015088351437041448,0.006698181235477926,0.08905650875044353,2009-10-23T01:29:49Z,ls7,qg0651yd85t0,0.015140155663280593,0.7212855222474321,0.16781963210336562
0.06041482752983488,0.8807013241785188,0.6901776346731305,0.0063496928933417405,0.0030418739344683435,0.04869333706999229,2009-10-24T01:23:56Z,ls5,qg0651yd85t0,0.006355047230459718,0.8814439698259713,0.06046577193910834
0.15375005943418651,0.7777706830969173,0.08693607322455776,0.012940625247642442,0.004168317616292892,0.04799112449480941,2009-10-31T01:29:47Z,ls5,qg0651yd85t0,0.012986925535137372,0.7805534702917691,0.15430016206199132
0.36764705882352944,0.0,0.9999692485800079,0.6141176470588234,0.0,0.0,2009-11-01T01:24:10Z,ls7,qg0651yd85t0,0.6255242660275614,0.0,0.37447573397243866
0.1617671461453737,0.7915737058361858,0.45145617018197604,0.012539555344505784,0.0029777804158999622,0.025006100657551954,2009-11-08T01:30:03Z,ls7,qg0651yd85t0,0.012619212302663966,0.7966021419993977,0.16279476462448642
0.14157177503175886,0.7075874812333988,0.9373466951268044,0.007814124032798244,0.04645455595334334,0.09227393463448436,2009-11-09T01:24:04Z,ls5,qg0651yd85t0,0.007853315581543657,0.7111363690096877,0.14228182482094104
0.12566504870846204,0.7928218322528088,0.4670778915379328,0.006151624181120803,0.01640134414989308,0.05574488306574794,2009-11-16T01:29:54Z,ls5,qg0651yd85t0,0.006173015371369856,0.7955787306178571,0.12610202679513208
0.13428571428571429,0.0,0.999974675301183,0.85,0.0,0.0,2009-11-17T01:24:00Z,ls7,qg0651yd85t0,0.8635703918722787,0.0,0.13642960812772134
0.1837989929815229,0.7158582646285885,0.1974132629065518,0.017806849889336153,0.018758761827057876,0.05956915476260238,2009-11-24T01:30:15Z,ls7,qg0651yd85t0,0.017888521526156286,0.7191415694560441,0.1846419924281394
0.06945596723369762,0.8598773701629171,0.7032108100285808,0.004568449025117174,0.02479414399863474,0.0425425577951009,2009-11-25T01:23:47Z,ls5,qg0651yd85t0,0.004562390604025327,0.8587370489801358,0.06936385862210322
0.18054762852284648,0.7748176621685179,0.0,0.00974479939220723,0.008201584602583118,0.02436236026192974,2009-12-02T01:30:02Z,ls5,qg0651yd85t0,0.009768284860919137,0.7766850126628587,0.1809827576117093
0.07287655550024888,0.8914020905923346,0.8182952859882059,0.00399820806371329,0.0027476356396217024,0.028352414136386263,2009-12-03T01:24:10Z,ls7,qg0651yd85t0,0.004000780951531102,0.8919757169627258,0.07292345230973521
0.2107608727295528,0.7483793860975069,0.19222712637024708,0.016453724417930235,0.0028529648216449113,0.01594883474078105,2009-12-10T01:30:26Z,ls7,qg0651yd85t0,0.01654824144740012,0.7526783882379189,0.21197157075225515
0.11092200522305044,0.8729662524315739,0.6959209145834087,0.00570228612560306,0.00134442983682429,0.006745944402472323,2009-12-11T01:23:56Z,ls5,qg0651yd85t0,0.005715649297962093,0.8750120281499273,0.11118194831281401
0.09255566762355498,0.8916062146015983,0.813479975398864,0.0030397043991000072,0.0005624951509038715,0.010532236791062147,2009-12-19T01:24:49Z,ls7,qg0651yd85t0,0.0030449502253011547,0.8931449205504557,0.0927153972822771
0.15735398135003098,0.44126027885795793,0.20873521218479796,0.013975474764932211,0.16403422742537613,0.22029961570730658,2009-12-26T01:30:44Z,ls7,qg0651yd85t0,0.014045659513544296,0.4434762852738441,0.15814421207992893
0.04718253421195327,0.8134398522153906,0.8031782497015303,0.0031796667493819335,0.0017278300109367963,0.13701324363322212,2010-01-04T01:24:42Z,ls7,qg0651yd85t0,0.003170305466016039,0.8110449971699115,0.04704362371991352
0.4510365041300294,0.5312096989075406,0.9932111718099924,0.0060245137223554485,0.0,0.0,2010-01-11T01:30:59Z,ls7,qg0651yd85t0,0.006096015616153227,0.5375143570469508,0.4563896273368959
0.17003383460688312,0.7500889946107209,0.0007724033139177022,0.017339430441732608,0.01005624618704437,0.050025977881689304,2010-01-19T01:30:21Z,ls5,qg0651yd85t0,0.017384848007247343,0.7520537198171856,0.17047920810683342
0.06604361015641438,0.8709117451076664,0.7936832965522231,0.004429578452689906,0.006856281125061373,0.052035842042505435,2010-01-20T01:25:21Z,ls7,qg0651yd85t0,0.004428274793409759,0.8706554290290993,0.06602417300992416
0.15626451575733133,0.7153408768796452,0.2150700047031584,0.014934677651667921,0.06091836146799562,0.04929653742006107,2010-01-27T01:31:13Z,ls7,qg0651yd85t0,0.014989343527402017,0.7179592618488484,0.15683649573569294
0.05491403026134801,0.8855157581022709,0.7001628016352519,0.007153768189386812,0.010467192741137575,0.04166968314872463,2010-01-28T01:24:36Z,ls5,qg0651yd85t0,0.007155878780567046,0.8857770136671047,0.054930231662465905
0.17554665320567506,0.7558123665491899,0.01811982200354545,0.0173739644032918,0.01189197554177114,0.035097447877038265,2010-02-04T01:30:25Z,ls5,qg0651yd85t0,0.01745229912942713,0.7592201296462586,0.1763381478055048
0.057446808510638304,0.10914893617021276,0.9998299627365146,0.16638297872340427,0.26595744680851063,0.39361702127659576,2010-02-05T01:25:09Z,ls7,qg0651yd85t0,0.17010400380667526,0.11158996669159131,0.05873156141662701
0.1719981953425957,0.7097863100540243,0.21816323577294594,0.019788299804495455,0.016741667919900977,0.07794731788577444,2010-02-12T01:31:25Z,ls7,qg0651yd85t0,0.019870348419829393,0.7127293109433521,0.17271135483114305
0.09254850209294965,0.8740191201848725,0.697067761658406,0.008796419593113867,0.005899669785689121,0.015167167262804015,2010-02-13T01:24:40Z,ls5,qg0651yd85t0,0.008828608073779104,0.8772173927608126,0.09288716211691526
0.1775730104346223,0.7639798874016066,0.2349788357874173,0.014959767709655989,0.004887460719428543,0.03456217384416401,2010-02-28T01:31:34Z,ls7,qg0651yd85t0,0.01502291695442741,0.7672048541154163,0.17832259436656372
0.13374426088382388,0.8525858817742068,0.8234940848739192,0.004131241288841518,0.0007173895220136099,0.003925145527588751,2010-03-09T01:25:27Z,ls7,qg0651yd85t0,0.004151662975464651,0.8568004121004619,0.1344053898744711
0.1924360466872544,0.7489058749445223,0.2215314207156036,0.016869569864738945,0.0007528703180877094,0.036249311611630454,2010-03-16T01:31:40Z,ls7,qg0651yd85t0,0.01695383442558814,0.7526467068196425,0.19339727682505123
0.05068494187072856,0.7155604031641152,0.7848142252451069,0.002896880437797897,0.03523903193537269,0.19669802200758243,2010-03-25T01:25:32Z,ls7,qg0651yd85t0,0.0028928154634376103,0.714556311088327,0.050613819505280246
0.16333375193311706,0.6885232497296542,0.22216092037191126,0.013986302484854832,0.01550912198695364,0.11632190323368333,2010-04-01T01:31:44Z,ls7,qg0651yd85t0,0.01402386994397798,0.690372635517468,0.16377246931791709
0.0004166666666666667,0.6654166666666667,0.9999565862305995,0.1691666666666667,0.0,0.16666666666666666,2010-04-10T01:25:58Z,ls7,qg0651yd85t0,0.16882900864936795,0.6640884896872922,0.0004158349966733201
0.14286351668144726,0.48596705187873934,0.21062371115372092,0.016329531627034044,0.1848032576887734,0.16625074762307424,2010-04-17T01:31:45Z,ls7,qg0651yd85t0,0.016425355723985544,0.4888187781228264,0.14370186084134046
0.14954512151167249,0.5676336096618472,0.38771028544553376,0.0063825978031587715,0.16640570067890548,0.10757313448709843,2010-04-25T01:30:23Z,ls5,qg0651yd85t0,0.006404296230521177,0.5695633500320789,0.15005351857139593
0.1689877418968306,0.6500485531124558,0.2451883072247748,0.014937511233598946,0.046559223533640885,0.11825055419088132,2010-05-03T01:31:43Z,ls7,qg0651yd85t0,0.014959298762194645,0.6509966997761164,0.16923422373716676
0.05629237875288684,0.5385732761464863,0.7258601353062479,0.0033794127350709343,0.15906961398878258,0.24429561200923788,2010-05-04T01:24:10Z,ls5,qg0651yd85t0,0.003370316384589897,0.537123600814229,0.05614085680316063
0.11570092929597484,0.5562063618547154,0.32805614847509135,0.006736130553701032,0.036194624512738784,0.28504511877328625,2010-05-11T01:30:20Z,ls5,qg0651yd85t0,0.006737290243536118,0.5563021181437171,0.11572084832672178
0.12830117776453875,0.5659850602630493,0.9210556781592562,0.00905572613537418,0.019568305760505934,0.27588103203336234,2010-05-12T01:25:30Z,ls7,qg0651yd85t0,0.009071288463540298,0.5669577095142813,0.12852166422831018
0.11446497626999474,0.7837535155563369,0.9176730219601317,0.004633063807347513,0.01696255932501318,0.07804535067674459,2010-05-28T01:25:29Z,ls7,qg0651yd85t0,0.00464404815159653,0.7856116851778291,0.11473635666881662
0.19260326883700646,0.7263374001962755,0.2534911906226258,0.011948604868119744,0.00814907253716515,0.057775300774198235,2010-06-04T01:31:40Z,ls7,qg0651yd85t0,0.01198950390035968,0.7288235897619677,0.19326253302630936
0.1425618436278684,0.8086347459662453,0.834300495640534,0.005120848889762232,0.00019650225977598743,0.04089430361782494,2010-06-13T01:25:30Z,ls7,qg0651yd85t0,0.005134727115181929,0.810826260601476,0.14294820640574116
0.1024506124177854,0.8247915661658292,0.8462591802033211,0.004553658622677695,0.01198950477109341,0.05507641985622007,2010-06-29T01:25:57Z,ls7,qg0651yd85t0,0.00455922115884077,0.8257990929248505,0.10257576128899525
0.2167307493516309,0.6914480741885908,0.2125411526355776,0.021598812835526733,0.006432005660164981,0.058710428808034495,2010-07-06T01:31:45Z,ls7,qg0651yd85t0,0.021716820017853675,0.6952258669581162,0.2179148785558307
0.15939103236911709,0.4155271002141148,0.9138272855540682,0.010017003232713382,0.13722238549057475,0.27299634745371343,2010-07-15T01:25:35Z,ls7,qg0651yd85t0,0.010099993139324446,0.4189697022019545,0.16071157171443295
0.20676760097897345,0.6965339559104632,0.18994247675554432,0.01630763527877521,0.009950515390249567,0.0662079961412723,2010-07-22T01:31:46Z,ls7,qg0651yd85t0,0.01638268753471637,0.6997395981655815,0.2077192027681802
0.1142050454493879,0.833576444483667,0.8565193010383126,0.003529419180776358,0.004702530289085843,0.04340700210542241,2010-07-31T01:25:59Z,ls7,qg0651yd85t0,0.0035315693767188753,0.8340842766784,0.11427462155037295
0.234814624223728,0.6680241132649899,0.32859701168553956,0.020636778791103687,0.010396993250980022,0.06109951099915132,2010-08-07T01:31:45Z,ls7,qg0651yd85t0,0.02074913834829863,0.6716612552008406,0.23609310220072938
0.20782135233891683,0.7576794978474004,0.0,0.006928855685394886,0.0019029702253898196,0.02210665316016063,2010-08-15T01:29:52Z,ls5,qg0651yd85t0,0.006954226541067708,0.7604538343408942,0.20858231573248773
0.1369904590268207,0.8399599279126471,0.8293657971853406,0.003884024170465387,0.00037103784586027777,0.01649528251881692,2010-08-16T01:25:35Z,ls7,qg0651yd85t0,0.003893129086061586,0.8419289589773837,0.13731159157187753
0.17666877308963647,0.7533983083803228,0.5162331319416809,0.005868058152230813,0.00641648843087692,0.053377256614666684,2010-08-23T01:31:47Z,ls7,qg0651yd85t0,0.005894836880887951,0.7568364216960871,0.17747499637748143
0.0,0.0,0.9997937845953475,0.0,0.0,1.0,2010-09-01T01:25:38Z,ls7,qg0651yd85t0,0.0,0.0,0.0
0.1968727171374561,0.6698710470654607,0.19523352990123366,0.01051551953175048,0.0663960385802365,0.053338907732455816,2010-09-08T01:31:49Z,ls7,qg0651yd85t0,0.010551549053729866,0.672166238809504,0.19754726582407384
0.06429653842155719,0.7109419143210249,0.8433866357946529,0.0039693228150013285,0.09640905993370216,0.12321694637267698,2010-09-17T01:26:03Z,ls7,qg0651yd85t0,0.003975263587667937,0.7120059608823635,0.06439276922358941
0.18903848678679452,0.6375622194223641,0.21466480952208677,0.01379802786600914,0.026221412464384346,0.13051740301140852,2010-09-24T01:31:49Z,ls7,qg0651yd85t0,0.01384502480860256,0.6397337960648306,0.1896823636507739
0.05944489720318577,0.7610504414397726,0.7070113237581853,0.002194850898314503,0.02094214978082361,0.15980737173550658,2010-09-25T01:23:29Z,ls5,qg0651yd85t0,0.0021856741109883625,0.757868449418847,0.05919635495383442
0.15629070598991573,0.6648136219210821,0.0008592308527187731,0.008693624455729661,0.016055182901990605,0.15302392526410125,2010-10-02T01:29:37Z,ls5,qg0651yd85t0,0.008705389264242797,0.6657132932835449,0.1565022092861206
0.06087349573833161,0.6531808429716602,0.8145110524221265,0.005528661426537421,0.0110588831893273,0.2697041212381268,2010-10-03T01:25:59Z,ls7,qg0651yd85t0,0.005526003022870383,0.6528667672462306,0.060844225303444896
0.1775207526662591,0.6496283087652556,0.2011323758185305,0.015677988361297922,0.0019224237483866586,0.1520594162534248,2010-10-10T01:31:52Z,ls7,qg0651yd85t0,0.015737348331616625,0.6520879302573653,0.1781928814092065
0.16634801910832656,0.7437567245772863,0.003357331500307481,0.007625997342839101,0.008839053005278022,0.0718467994279118,2010-10-18T01:29:28Z,ls5,qg0651yd85t0,0.007639154855728582,0.7450399650834546,0.166635027627627
0.0726841327233864,0.7830537965201064,0.8188958431315799,0.005184082782316867,0.004814319103457919,0.13378213707824768,2010-10-19T01:26:11Z,ls7,qg0651yd85t0,0.005186982348874219,0.7834917749815504,0.07272478648786983
0.16509066270073885,0.8063241168935499,0.000202597590535758,0.007356814086280642,0.003229553398901409,0.015849236848390107,2010-11-03T01:29:22Z,ls5,qg0651yd85t0,0.007372971406233236,0.8080949971399921,0.16545324120648305
0.09033192566691226,0.8503790323417414,0.8256629644368872,0.005753447399275759,0.006827355074343464,0.04466833373107692,2010-11-04T01:26:19Z,ls7,qg0651yd85t0,0.005765847750071742,0.8522118462320558,0.09052661721245196
0.21854982535097736,0.7153569949172657,0.35369921493433665,0.014396089429255946,0.01358567878014375,0.032091757909585544,2010-11-11T01:32:12Z,ls7,qg0651yd85t0,0.014487473174741078,0.7198979504229794,0.2199371397125502
0.05445523089729847,0.9011608645398526,0.6979505083028834,0.003147401769084735,0.005599506524772576,0.03539966103522,2010-11-12T01:23:08Z,ls5,qg0651yd85t0,0.00314818088649671,0.9013839406426398,0.05446871091087092
0.16313567791884237,0.8127706460887766,0.0009261604138779411,0.008258127711349466,0.002257798185070649,0.010763921579987977,2010-11-19T01:29:20Z,ls5,qg0651yd85t0,0.008281738557282944,0.8150944418902971,0.16360209978736123
0.06997429305912597,0.9114285714285714,0.9901486921601969,0.01019096584649284,0.0003672420124862284,0.0001836210062431142,2010-11-20T01:26:09Z,ls7,qg0651yd85t0,0.010271697653514216,0.9186488169529601,0.07052862237479633
0.21410149308582274,0.7529815778800109,0.19276256285952031,0.018645287356836977,0.000851527258956162,0.006888407352713795,2010-11-27T01:32:24Z,ls7,qg0651yd85t0,0.018768836156201067,0.7579710407995105,0.2155201884326184
0.05264929661927488,0.9350406661502714,0.7104229224702434,0.004252954698783139,0.0008682941455735738,0.007577271932235576,2010-11-28T01:23:10Z,ls5,qg0651yd85t0,0.004251289075798334,0.9346744677457333,0.05262867710065927
0.16659736907148562,0.8181686681758086,0.07785174197749722,0.007318481233154567,0.0005394462731128207,0.00297970505039409,2010-12-05T01:29:20Z,ls5,qg0651yd85t0,0.007350912401502784,0.8217943064700821,0.16733562980490813
0.10254185259348858,0.8694520283388052,0.8220379146919431,0.009132454437340544,0.0024699891239162034,0.011170856161250648,2010-12-06T01:26:19Z,ls7,qg0651yd85t0,0.00918116221586619,0.8740892348122199,0.1030887576867471
0.212075588543942,0.7550311668190477,0.19673311385261028,0.016974431498304295,0.0009232944949128726,0.008228580693686918,2010-12-13T01:32:33Z,ls7,qg0651yd85t0,0.017091154514881527,0.7602230647279556,0.21353390556856305
0.061337003914579434,0.9260047102256452,0.715811656597084,0.004719264186372174,0.0006046911301358964,0.004939371757741637,2010-12-14T01:23:12Z,ls5,qg0651yd85t0,0.004730657078010179,0.9282402009511588,0.061485079082953496
0.13784522962182175,0.693948368822071,0.0012173944502731349,0.008840019052897143,0.06899068545151925,0.08936569428068974,2010-12-21T01:29:24Z,ls5,qg0651yd85t0,0.0088506401410303,0.6947821324984859,0.13801084762827492
0.02354166666666667,0.8354166666666666,0.9999131724611989,0.13562500000000002,0.0,0.0,2010-12-22T01:26:25Z,ls7,qg0651yd85t0,0.1363636363636364,0.8399664851277754,0.02366987850858819
0.18835232353453954,0.7234907289200327,0.3567128540935567,0.01672137831742694,0.014203283261440519,0.0516250400706368,2010-12-29T01:32:41Z,ls7,qg0651yd85t0,0.016822352333701315,0.7278596130663948,0.18948971126782654
0.04491305791664017,0.8521003879008838,0.7439835751239101,0.001579865895104253,0.0036529099631882767,0.10062813093951148,2010-12-30T01:23:39Z,ls5,qg0651yd85t0,0.0015748123390536238,0.849374753349012,0.04476939340923467
0.0034303588195648558,0.2263282775624002,0.6859791613906878,0.002849934042638986,0.02263864006866478,0.7441372834784011,2011-01-06T01:29:27Z,ls5,qg0651yd85t0,0.0028574752591143085,0.22692716529455437,0.0034394358992654154
0.09501704012950501,0.8034506262247594,0.9575377157121667,0.004274516486325298,0.007668058277242907,0.08558405043878334,2011-01-07T01:26:59Z,ls7,qg0651yd85t0,0.004293483658909146,0.8070157514825419,0.09543865614252267
0.17061849310475846,0.5881331440960191,0.19067689302123658,0.01941983862676292,0.013499921771976488,0.20468921123801434,2011-01-14T01:32:49Z,ls7,qg0651yd85t0,0.019510662296442733,0.5908837545121897,0.1714164501813769
0.03297535805564932,0.7187264310170227,0.9624886943308852,0.0022158460722380285,0.059651830062207645,0.18874475575059074,2011-01-15T01:23:17Z,ls5,qg0651yd85t0,0.002209044324699064,0.716520232764081,0.03287413709842148
0.14241161012900155,0.785570751712056,0.0004847870916392383,0.009862854536767588,0.0032720902286119675,0.057060692930258144,2011-01-22T01:29:28Z,ls5,qg0651yd85t0,0.009882015614972902,0.7870969206881115,0.14268828053804533
0.05571032889761043,0.8231507941374868,0.8230129155963967,0.005372334989064002,0.0018499213016904806,0.11448048895157499,2011-01-23T01:26:42Z,ls7,qg0651yd85t0,0.0053689090959940745,0.8226258777637162,0.055674802887024304
0.1762694792625952,0.7734442678490276,0.2476918345935386,0.011888211093772166,0.0049868835824771396,0.02793760865226706,2011-01-30T01:32:55Z,ls7,qg0651yd85t0,0.011955880166245032,0.7778468020740648,0.1772728255249461
0.06093529290759069,0.9276263399693722,0.8417170145797909,0.00388871111517451,0.0003314209960915179,0.004079906744988686,2011-01-31T01:23:18Z,ls5,qg0651yd85t0,0.003901008004472782,0.9305596816537808,0.06112798260066623
0.20378736363949201,0.6094510822808769,0.47434969791252124,0.01610843456416257,0.08707113114697684,0.07872259885061426,2011-02-15T01:32:58Z,ls7,qg0651yd85t0,0.01620281866315957,0.6130220370533414,0.204981414285908
0.023047285464098073,0.5821249270286047,0.9969013422090373,0.23903093987157034,0.0,0.14827787507297138,2011-02-24T01:26:51Z,ls7,qg0651yd85t0,0.24115989079234168,0.5873096759153696,0.02325255821931727
0.1215511739806809,0.1721038312651496,0.0,0.027914384428928043,0.6546036684635144,0.019863608407800007,2011-03-11T01:29:28Z,ls5,qg0651yd85t0,0.028258428411985167,0.1742250060221502,0.12304928869455026
0.04085287175452401,0.09339858379228953,0.827565934662277,0.007533280881195909,0.8396747967479675,0.017004982953055338,2011-03-12T01:27:19Z,ls7,qg0651yd85t0,0.00761486393152953,0.09441006092725675,0.04129529544019086
0.10154279335603764,0.17932087173587838,0.2043377591259361,0.0372345393286015,0.6459016318902918,0.0319466736992393,2011-03-19T01:33:06Z,ls7,qg0651yd85t0,0.03770901491617637,0.18160593763210023,0.10283674186219227
0.1063583045487231,0.17739179733702348,0.0013223110596577436,0.03348456498861597,0.6585659196252778,0.020411564077530978,2011-03-27T01:29:22Z,ls5,qg0651yd85t0,0.033884377819336745,0.17950989314218246,0.10762824533567207
0.03233968954036408,0.07653467808189561,0.832661625845664,0.007053660223980628,0.86795736584944,0.014896008993816752,2011-03-28T01:26:57Z,ls7,qg0651yd85t0,0.007127805980945842,0.07733918545257651,0.03267963372322083
0.10781620338755359,0.19106704579802303,0.19207879599146194,0.03620108141995142,0.6272168549262821,0.033691940846552554,2011-04-04T01:33:10Z,ls7,qg0651yd85t0,0.03663396695045122,0.19335178858020202,0.10910544869651205
0.03282922656176324,0.09054892424589435,0.7314605115589161,0.006651285920217711,0.8494078973958263,0.01952119848572622,2011-04-05T01:23:10Z,ls5,qg0651yd85t0,0.006704559221753079,0.09127417349888345,0.0330921713978109
0.03367949165265751,0.12078176377919456,0.8289117615136934,0.008777767204829723,0.8062084350979584,0.029329357904864614,2011-04-13T01:26:58Z,ls7,qg0651yd85t0,0.008843540862326511,0.12168680696128072,0.03393185917356977
0.10440773370268612,0.23824263754229005,0.203339242429724,0.040739606275970106,0.5430167344065757,0.06958061806044367,2011-04-20T01:33:08Z,ls7,qg0651yd85t0,0.041165998737929387,0.2407361536572273,0.10550049513782389
0.027412358223907834,0.10661619378153066,0.7472142831301327,0.008064403019786039,0.835944040931697,0.02089520197502594,2011-04-21T01:23:02Z,ls5,qg0651yd85t0,0.008125005505114092,0.10741739460241294,0.027618356985749947
0.12098385445504212,0.3079234353290224,0.30738395861220646,0.03201383157652811,0.4672309685237613,0.06682824399569591,2011-05-06T01:33:09Z,ls7,qg0651yd85t0,0.03236247853212894,0.31127687860646885,0.12230143034194503
0.13887700825010857,0.10993853126356927,0.8666907854274447,0.010206795484151108,0.6584075119409466,0.08088634389926183,2011-05-15T01:26:56Z,ls7,qg0651yd85t0,0.010273146116619293,0.11065320131777853,0.1397797967253937
0.10572138790282969,0.28977012551043985,0.19333779530407724,0.04165962160743959,0.4943613364159672,0.06401996685645346,2011-05-22T01:33:07Z,ls7,qg0651yd85t0,0.042085371228808614,0.29273149473224025,0.10680183076653056
0.04154246137453383,0.1353635943882081,0.7453511088600268,0.010395453738234771,0.7780855975847984,0.03358550879062334,2011-05-23T01:23:17Z,ls5,qg0651yd85t0,0.010452474763621867,0.13610608924667775,0.041770329614278595
0.029894525792656265,0.16534228459905936,0.8303842118591946,0.009023110475967027,0.7313553808909318,0.0634978190621434,2011-05-31T01:27:22Z,ls7,qg0651yd85t0,0.00906228805313999,0.16606018671630454,0.03002432527748031
0.03404112205058564,0.18316637667628585,0.8294996563076589,0.011369992361228997,0.6916907146494653,0.07845654388049567,2011-06-16T01:27:20Z,ls7,qg0651yd85t0,0.01143342637230451,0.18418827516114017,0.03423103993659435
0.09999184619441068,0.35779966897321874,0.18359863970189216,0.04265393077684939,0.3399339275862298,0.15599027747311792,2011-06-23T01:33:05Z,ls7,qg0651yd85t0,0.042963352425169805,0.3603952319453958,0.10071721057008667
0.03794590717015815,0.21400170371117608,0.8386147389747115,0.011547126668684217,0.6702758442897654,0.06489794545882512,2011-07-02T01:27:17Z,ls7,qg0651yd85t0,0.01160547578063162,0.2150830817652198,0.03813765270555805
0.1672726968886003,0.3972572270273756,0.24228682030317283,0.038349785976379815,0.27513673399716865,0.11693114240627962,2011-07-09T01:33:04Z,ls7,qg0651yd85t0,0.038671175104328145,0.40058642823449925,0.16867452025772425
0.0,0.1865217391304348,0.9999583951376578,0.09434782608695652,0.0,0.6956521739130435,2011-07-18T01:26:52Z,ls7,qg0651yd85t0,0.10223448647193431,0.20211333961502223,0.0
0.10013430902388062,0.47421756952793315,0.18449766650989474,0.04122535080053055,0.26802358337806603,0.11388207423706707,2011-07-25T01:33:02Z,ls7,qg0651yd85t0,0.04139392244811976,0.4761566588372726,0.10054376109947451
0.03569686527345487,0.271045464650956,0.8372707210303535,0.01025066696309471,0.6109048465984882,0.07116496220542463,2011-08-03T01:27:12Z,ls7,qg0651yd85t0,0.01028097320591807,0.27184681442628833,0.03580240356388075
0.10725398552184483,0.5141934942315699,0.1918852429362179,0.04302210224245762,0.2181639514529639,0.11431654064314527,2011-08-10T01:32:57Z,ls7,qg0651yd85t0,0.04321957437331509,0.516553650516047,0.10774628301452878
0.10469317146255193,0.5756523871306549,0.06308744256720089,0.024467992678745182,0.21986739879214742,0.07187842701141436,2011-08-18T01:28:21Z,ls5,qg0651yd85t0,0.024587435808598065,0.578462495983021,0.10520424240481908
0.03533978879031462,0.2381372753292612,0.8350475742556347,0.008181249931461031,0.6386625579839673,0.07874853326607376,2011-08-19T01:27:09Z,ls7,qg0651yd85t0,0.008208280654280009,0.238924077191595,0.03545655090408391
0.10615332462162233,0.49107751483526824,0.19158496436453099,0.039220533085109234,0.22065167775023048,0.14025034235234096,2011-08-26T01:32:55Z,ls7,qg0651yd85t0,0.03938362700842391,0.4931196022891105,0.10659475059989416
0.03176516535784525,0.19323127780954905,0.740628052530661,0.009266664806884912,0.6963022889263945,0.06853528238461216,2011-08-27T01:22:05Z,ls5,qg0651yd85t0,0.00930223892561495,0.1939730800180466,0.031887109745331856
0.10862019391630787,0.5122201100844569,0.016052241235845255,0.037130965206105024,0.20153287274839782,0.13832255407705912,2011-09-03T01:28:12Z,ls5,qg0651yd85t0,0.03725361018740221,0.5139119924654467,0.10897897052169414
0.03736033589155786,0.2191909199641184,0.8548098838681668,0.010876482607395595,0.5347478321538922,0.19655138044453305,2011-09-04T01:26:42Z,ls7,qg0651yd85t0,0.010928258443057092,0.22023434488927188,0.03753818406924577
0.11384199733004963,0.5015138900988163,0.23170833182591077,0.04108050583080425,0.20709067236130502,0.13309490566881785,2011-09-11T01:32:50Z,ls7,qg0651yd85t0,0.041291906553785465,0.5040946859485235,0.11442782946756805
0.12468238507461477,0.5286467883392383,0.10857421945660428,0.035270252720181486,0.1351243308617324,0.17373650055397952,2011-09-19T01:27:59Z,ls5,qg0651yd85t0,0.035400339029674266,0.5305965818455636,0.1251422477090504
0.04229856439824117,0.24281194490550656,0.8757606454180384,0.012732739291226234,0.3361579453131825,0.36425846655601174,2011-09-20T01:27:02Z,ls7,qg0651yd85t0,0.012807138458212535,0.24423072887823283,0.042545720794360434
0.10896517182549359,0.5442682671216184,0.25780543395680333,0.03509709968315867,0.0776846210090178,0.23142091152815014,2011-09-27T01:32:47Z,ls7,qg0651yd85t0,0.03522783115701714,0.5462955854293289,0.10937105087648606
0.04728405996058721,0.24346434027854655,0.8366086610469954,0.012050793791377896,0.27198148927219185,0.4235546797156965,2011-09-28T01:22:02Z,ls5,qg0651yd85t0,0.01211704296706342,0.244802784212739,0.04754400383230918
0.11449408334131059,0.5943315194313331,0.2630349842625086,0.0331610740067107,0.0991657032613418,0.1558433907940178,2011-10-13T01:32:46Z,ls7,qg0651yd85t0,0.033295339848404236,0.5967379077674074,0.11495765832882879
0.0,0.0,0.9999620129517746,0.0,0.0,1.0,2011-10-22T01:26:42Z,ls7,qg0651yd85t0,0.0,0.0,0.0
0.024336677814938684,0.4456688963210702,0.9967548207373105,0.017748049052396877,0.43812709030100333,0.06967670011148272,2011-11-07T01:26:49Z,ls7,qg0651yd85t0,0.017909702882491392,0.44972816412180733,0.024558342583215275
0.10944486920491565,0.3150966249105948,0.19322202525234256,0.03432030726250719,0.1068356042448145,0.4306069690114192,2011-11-14T01:33:06Z,ls7,qg0651yd85t0,0.03459671945828968,0.31763438045307907,0.11032632683239753
0.036348620057916205,0.2425628902941118,0.8163489019934156,0.009237929200401868,0.19307369540807282,0.5173748596418651,2011-11-23T01:27:26Z,ls7,qg0651yd85t0,0.009282876803361028,0.24374309207408337,0.03652547607261758
0.12090152138413397,0.4498750282727404,0.272220614304837,0.04200141177289347,0.06774770027663789,0.31532245837382655,2011-11-30T01:33:15Z,ls7,qg0651yd85t0,0.042285992533165735,0.4529231586133493,0.12172069020302057
0.03359509605712636,0.3564006214582358,0.8183694511775985,0.007616349132049918,0.1105279407224452,0.4912408250256451,2011-12-09T01:27:08Z,ls7,qg0651yd85t0,0.007628209427656316,0.35695561396862524,0.033647410855628196
0.04540481400437637,0.08827133479212254,0.9991733294743316,0.033457330415754924,0.5470459518599562,0.2844638949671772,2011-12-25T01:27:42Z,ls7,qg0651yd85t0,0.033728913878150434,0.08898786042149043,0.04577337887322574
0.11725542542856487,0.45567748055107204,0.7635270069823812,0.048565177813305584,0.14980072976508296,0.22206583184804976,2012-01-01T01:33:32Z,ls7,qg0651yd85t0,0.04908367848790405,0.46054247007038007,0.11850728982858327
0.0,0.0,0.9999782931152997,0.0,0.0,1.0,2012-01-10T01:27:47Z,ls7,qg0651yd85t0,0.0,0.0,0.0
0.18168744459117947,0.487541117483253,0.5082612785355088,0.05623238413348883,0.17449777996858482,0.09432282604297333,2012-01-17T01:33:33Z,ls7,qg0651yd85t0,0.05667563604652752,0.4913841615999042,0.18311959634201003
0.028334836562684665,0.17962937621165473,0.8255146340581021,0.008750038876621154,0.37361987994899387,0.4087228770773075,2012-01-26T01:27:45Z,ls7,qg0651yd85t0,0.008788113025743404,0.18041099967105362,0.028458130276901715
0.10162204445017906,0.33290439939725447,0.2149090119749647,0.04358490739930049,0.05291534374467183,0.4652522729681531,2012-02-02T01:33:36Z,ls7,qg0651yd85t0,0.04392411883297498,0.33549531871621807,0.10241294573798199
0.029600327252893764,0.2977505403712907,0.820907347780471,0.007693675130800154,0.03777548835424116,0.6273761186190736,2012-02-11T01:27:28Z,ls7,qg0651yd85t0,0.007689170916900352,0.2975762241830174,0.0295829979267675
0.09169875973958592,0.550328946477958,0.1981223544734272,0.031223634878883983,0.026889603739279126,0.2977279187176005,2012-02-18T01:33:40Z,ls7,qg0651yd85t0,0.03132247140876038,0.5520709795106721,0.09198902662368785
0.10722601350355944,0.5493398713104888,0.2018794544336312,0.03250969477603992,0.0367438244673256,0.2716667762121586,2012-03-05T01:33:38Z,ls7,qg0651yd85t0,0.03262829354020858,0.5513439205731725,0.10761718520713467
0.03671986802353315,0.7476695420575606,0.908990268080026,0.00416282397837494,0.0814318651613929,0.1316385752901892,2012-03-14T01:27:52Z,ls7,qg0651yd85t0,0.004154257762882878,0.7461309955210298,0.036644306264505225
0.09734839184876012,0.7526049594893199,0.9852646431026374,0.005019641541861036,0.028234716425239382,0.1135526638841149,2012-03-30T01:27:52Z,ls7,qg0651yd85t0,0.005038661751218016,0.7554566977605115,0.09771726017891627
0.14992740840803426,0.6920142691331629,0.7241471003219855,0.032993698236686624,0.023207013908470332,0.09446087464015686,2012-04-06T01:33:37Z,ls7,qg0651yd85t0,0.03327262816854663,0.6978645830795042,0.15119490020332202
0.054720211662412435,0.8981324521836426,0.8448012011142867,0.006382041330116437,0.0012005081762765598,0.041749711528375116,2012-04-15T01:27:49Z,ls7,qg0651yd85t0,0.006367504448978413,0.8960867047451255,0.05459557110124429
,,1.0,,,,2012-04-22T01:33:44Z,ls7,qg0651yd85t0,,,
0.2501315789473685,0.4087573099415206,0.9975254151441699,0.01935672514619883,0.20248538011695907,0.1111111111111111,2012-05-01T01:27:49Z,ls7,qg0651yd85t0,0.019589546594542914,0.41367381664412806,0.2531401455332589
0.10464093719745658,0.44455952108742913,0.2563619261242357,0.021156074707247417,0.048535872225114206,0.37854964023176957,2012-05-08T01:34:09Z,ls7,qg0651yd85t0,0.021250956197066507,0.44655329688268974,0.10511023446336003
0.0481742389298893,0.543213676199262,0.6862631597988496,0.007364218173431733,0.04054428044280443,0.36255765682656826,2012-05-17T01:28:05Z,ls7,qg0651yd85t0,0.0073414144464111555,0.5415315836683016,0.04802506461591465
0.11938945483255983,0.7057682364382136,0.24852212293332365,0.021106053457605585,0.00655462265785977,0.14543655760750254,2012-05-24T01:34:09Z,ls7,qg0651yd85t0,0.021149576114223054,0.7072235965635784,0.11963564705683621
0.05828981902314566,0.8534122230249379,0.802194204261785,0.004824830134155152,0.004261506524860312,0.08229462922149774,2012-06-02T01:27:45Z,ls7,qg0651yd85t0,0.00480860039773475,0.8505415197975652,0.0580937440583419
0.1263226978776667,0.6918687622832926,0.34098621612821534,0.020336822977854396,0.017764797593298125,0.14136354154086014,2012-06-09T01:33:53Z,ls7,qg0651yd85t0,0.020393656908161938,0.6938022806632478,0.12667572329443205
0.0640815876957584,0.7059429446869869,0.8193480698961687,0.0056666800176232626,0.030490247126206592,0.19597869187327271,2012-06-18T01:27:48Z,ls7,qg0651yd85t0,0.005650899399541126,0.7039770288485704,0.06390313275240908
0.12824996777888287,0.6414049622952134,0.25613943055605803,0.01685290877654595,0.031832031924439654,0.17910807084268557,2012-06-25T01:34:01Z,ls7,qg0651yd85t0,0.01690759304666211,0.6434861912793048,0.12866611290690785
0.057493491124260346,0.78003941342938,0.8242194566043197,0.0038065346025212238,0.016742989452019554,0.14489323385644456,2012-07-04T01:28:22Z,ls7,qg0651yd85t0,0.003793071591505857,0.7772805578528501,0.05729014724717983
0.19051560616042462,0.5746916680132758,0.8544752360623711,0.014083083692774305,0.11005730338475307,0.10545811632214198,2012-07-11T01:34:16Z,ls7,qg0651yd85t0,0.014176952003109092,0.5785221739604616,0.19178545432953426
0.06752673983242681,0.7732174696662483,0.8313863463695235,0.004136654758456439,0.015276839067512041,0.14161114865952174,2012-07-20T01:28:12Z,ls7,qg0651yd85t0,0.004127994211997339,0.7715986529628861,0.06738536509808266
0.12149801260211748,0.5966683380957614,0.20995622444918782,0.013222377916987221,0.051821170824632744,0.2144832765505367,2012-07-27T01:34:26Z,ls7,qg0651yd85t0,0.0132640817300956,0.5985502495806589,0.12188122131407608
0.06477904512590375,0.763187276655863,0.8258673709344814,0.003307259203856063,0.021337156153910082,0.14990027424582397,2012-08-05T01:28:22Z,ls7,qg0651yd85t0,0.0032972690325031345,0.7608819322004671,0.06458336836729581
0.13364419853586829,0.6237803753959899,0.2542635939365435,0.013444930116577483,0.03459484109465432,0.1914990127541491,2012-08-12T01:34:38Z,ls7,qg0651yd85t0,0.013497892960024089,0.6262375977155338,0.13417065547563883
0.09020200742240216,0.777153129217274,0.8284287833291125,0.004022435897435898,0.013569078947368422,0.1152580971659919,2012-08-21T01:28:33Z,ls7,qg0651yd85t0,0.004021490740769524,0.7769705205991128,0.0901808125467573
0.13621769092660072,0.5959119615557715,0.25242574436525456,0.013031814244302813,0.036372963215687414,0.21523492888495285,2012-08-28T01:34:47Z,ls7,qg0651yd85t0,0.013088313563621301,0.5984955327739053,0.13680826156183315
0.07021437729534738,0.7959261794554187,0.8335190477913245,0.0032097920333789684,0.008246952213312472,0.12321533346371993,2012-09-06T01:28:43Z,ls7,qg0651yd85t0,0.0032067916462241407,0.795182179015454,0.07014874366128934
0.13483494270292568,0.5723477293381642,0.24561882710466332,0.015577538683618008,0.04108268570894189,0.23203456767624936,2012-09-13T01:34:57Z,ls7,qg0651yd85t0,0.015666391060035152,0.5756123308212043,0.13560402473356917
0.06345710753476363,0.8048883515858343,0.8346604681451467,0.003703051322166668,0.006236119164578843,0.12198724330711246,2012-09-22T01:29:15Z,ls7,qg0651yd85t0,0.0037018968458465084,0.8046374167590021,0.0634373239234601
0.1542654027100088,0.634979183051029,0.3582739408849174,0.015373901719195292,0.021143931514070114,0.17015495026200886,2012-09-29T01:35:07Z,ls7,qg0651yd85t0,0.015451908830373886,0.6382010646938985,0.15504814469964864
0.059484014504069906,0.8357141329111891,0.8308834702073007,0.003018044517654106,0.0027489277042709996,0.09974222117636992,2012-10-08T01:29:00Z,ls7,qg0651yd85t0,0.003015667822506954,0.8350560121603263,0.059437171136525815
0.1235530762569915,0.7036552128527567,0.20408270323070798,0.012521369366748561,0.0038772815392762255,0.15305716603901373,2012-10-15T01:35:16Z,ls7,qg0651yd85t0,0.012571111518683623,0.7064505400635782,0.12404390083944812
0.18863192214206922,0.7589335532930507,0.8146901342209037,0.01530685356734965,0.007526136485655438,0.02251984030143592,2012-10-24T01:29:11Z,ls7,qg0651yd85t0,0.015419431790882397,0.764515326897482,0.19001926452454415
0.14500529607867185,0.6597099978815685,0.8377609348431678,0.01414721983743826,0.05920458473168393,0.11680362140284761,2012-10-31T01:35:23Z,ls7,qg0651yd85t0,0.01423583673161049,0.6638423611118283,0.14591359602202972
0.14914420681063123,0.8276106727574751,0.8257660721392135,0.0034790282392026576,0.0031353820598006643,0.015095514950166113,2012-11-09T01:29:14Z,ls7,qg0651yd85t0,0.0034844769258384144,0.828906836772889,0.14937778929130574
0.20884750457977744,0.7496219114427415,0.19029702253898195,0.013633751843081183,0.0048590322148250745,0.01822751440954381,2012-11-16T01:35:30Z,ls7,qg0651yd85t0,0.013701216121674294,0.7533312866796642,0.20988095057429265
0.04261888454011742,0.6414165035877365,0.8890778191816504,0.00391112198303979,0.14421069797782127,0.1666992824527071,2012-11-25T01:29:21Z,ls7,qg0651yd85t0,0.0039176230771154575,0.6424826705468832,0.04268972594547291
0.14168307606575647,0.6042273390916689,0.18847907094533478,0.014067940930621348,0.08222457509055447,0.15573585957091113,2012-12-02T01:35:31Z,ls7,qg0651yd85t0,0.014106095925101416,0.605866121263235,0.14206734815019784
0.09179094513259795,0.8107663154002587,0.8238811909844073,0.003169306300199256,0.016505412789383948,0.07830570448429572,2012-12-11T01:29:48Z,ls7,qg0651yd85t0,0.0031674248431575874,0.8102850043975445,0.09173645348561821
0.1636559259946315,0.738239466996851,0.1906461416012445,0.011663221039409777,0.027014462694473065,0.05671986715151298,2012-12-18T01:35:39Z,ls7,qg0651yd85t0,0.011697781486265777,0.7404270175697103,0.16414087109803777
0.11363015801780947,0.8659763327585797,0.8468326037408198,0.0034376550062593008,0.0015353000921180056,0.014644400878664053,2012-12-27T01:29:31Z,ls7,qg0651yd85t0,0.0034403691743921773,0.8666600562159711,0.11371987363885466
0.17643996540387538,0.7703609987665303,0.2638073875764263,0.010652903568216777,0.0034399555754308546,0.035298858426171184,2013-01-03T01:35:42Z,ls7,qg0651yd85t0,0.010695264872130765,0.7734243416554677,0.1771415794707995
0.12823529411764703,0.3747058823529411,0.9999692485800079,0.48117647058823526,0.0,0.0,2013-01-12T01:29:30Z,ls7,qg0651yd85t0,0.4889420203227735,0.3807531380753138,0.13030484160191272
0.2282725847429827,0.7387846058826325,0.2004395644151803,0.011104718639497023,0.0016922579200159271,0.01518054898837817,2013-01-19T01:35:42Z,ls7,qg0651yd85t0,0.011161087712281591,0.7425347777305706,0.22943132764875357
0.2028873689222301,0.764413038681732,0.8442295864838465,0.002757307259066576,0.0024154308873224717,0.023968506497276835,2013-01-28T01:29:34Z,ls7,qg0651yd85t0,0.0027674215625122056,0.767217044439741,0.20363159661314745
0.21290281108106737,0.7708593439110251,0.8227180637458847,0.0028485281363195753,0.00016325697668486303,0.010081118310290292,2013-02-13T01:29:34Z,ls7,qg0651yd85t0,0.0028576081663091607,0.7733165518533373,0.2135814646933785
0.14077212020033392,0.8165328083036948,0.8006294996563077,0.0015915112143427457,0.00833817231617914,0.029968425636931115,2013-02-20T01:35:43Z,ls7,qg0651yd85t0,0.001596153422539116,0.8189145164947226,0.14118273212962798
0.14857550551223125,0.40482592399231176,0.227341630187041,0.012719968347688472,0.27586675126012256,0.1544946516489871,2013-03-08T01:35:41Z,ls7,qg0651yd85t0,0.012798994971939004,0.40734102664883914,0.14949857547011225
0.011538461538461537,0.3565384615384616,0.9999529684164827,0.6019230769230769,0.0,0.0,2013-03-17T01:29:52Z,ls7,qg0651yd85t0,0.6205392545598731,0.3675654242664553,0.011895321173671689
0.15246403897625543,0.5846407648737089,0.1802051300604175,0.020533540453531444,0.10112776065260515,0.13828362375027306,2013-03-24T01:35:36Z,ls7,qg0651yd85t0,0.02061349880755622,0.5869173772952676,0.15305773949429805
0.16346153846153846,0.26269230769230767,0.9999529684164827,0.14884615384615382,0.0,0.4230769230769231,2013-04-02T01:29:24Z,ls7,qg0651yd85t0,0.14934396706971956,0.26357087728325185,0.1640082325701055
0.15604058506116578,0.5980047137629473,0.008389710936652084,0.03403975322064571,0.023822380158414543,0.18204902751276036,2013-04-05T01:38:38Z,ls8,qg0651yd85t0,0.034300791822145495,0.6025905964266406,0.15723720408003897
0.1584208986540075,0.6781499402314402,0.20856517492131255,0.022268759670964377,0.01031036224546936,0.12863382557637235,2013-04-09T01:35:34Z,ls7,qg0651yd85t0,0.02232622363583644,0.679899888810492,0.15882969973182973
0.1566611468430111,0.6355230002717637,0.0015737491407691317,0.03376427212609837,0.009549778059606849,0.1584763112600779,2013-04-10T01:39:28Z,ls8,qg0651yd85t0,0.0340105905739765,0.6401592926945104,0.1578040274118284
0.16250987123723099,0.7273501739192317,0.16117180999240255,0.03616107530174395,0.0062451344666297195,0.06117471496869885,2013-04-17T01:41:21Z,ls8,qg0651yd85t0,0.03641720507713062,0.7325020128819522,0.16366093260558864
0.15488324955407815,0.347197583914383,0.9107557613689808,0.010973528457921197,0.3081725312145289,0.17540943732771203,2013-04-18T01:29:19Z,ls7,qg0651yd85t0,0.011045472731403279,0.34947386888737386,0.15589868983898197
0.1416521249834502,0.6680123571207909,0.1802394992945262,0.015327684363828944,0.036914691733968844,0.13678008738249703,2013-04-25T01:35:27Z,ls7,qg0651yd85t0,0.015352079848356912,0.6690755630647421,0.14187757797043513
,,1.0,,,,2013-04-26T01:35:31Z,ls8,qg0651yd85t0,,,
0.1429277590420146,0.6784137934972098,0.04953511088600271,0.03128885344742272,0.024151371432486544,0.11778408788130239,2013-05-03T01:41:20Z,ls8,qg0651yd85t0,0.031488269094618014,0.6827375801109888,0.1438386914806043
0.06592590752105747,0.7069290878823267,0.8543938352447451,0.005348100479538848,0.04344423186821378,0.18079608418018733,2013-05-04T01:29:40Z,ls7,qg0651yd85t0,0.0053313084459543515,0.7047094629835438,0.06571891252210085
0.1752832836032964,0.7314288505257177,0.18521037589088674,0.023791915316851358,0.011833084683148622,0.05409251562944018,2013-05-11T01:35:24Z,ls7,qg0651yd85t0,0.02388320505454669,0.7342353479017402,0.17595584673112447
0.06236948025811813,0.7465447486983731,0.7213595745450598,0.02070008699152158,0.020728651371739442,0.14731429906906088,2013-05-12T01:35:17Z,ls8,qg0651yd85t0,0.02075854161147846,0.7486529035860237,0.06254560436169748
0.18069422792827355,0.7127455089331626,0.11348359321298074,0.03330914700337086,0.018647823638396684,0.047551032067972024,2013-05-19T01:41:33Z,ls8,qg0651yd85t0,0.03356261888061785,0.7181692726257712,0.18206925278724215
0.1251751065854485,0.6111729238014847,0.32708295647769614,0.009157531411121446,0.09711775743141166,0.15748302428481567,2013-05-27T01:35:20Z,ls7,qg0651yd85t0,0.009156225124324527,0.6110857423237313,0.125157250835717
0.7307407407407406,0.17814814814814814,0.9999511595094244,0.0811111111111111,0.0,0.0,2013-06-12T01:35:13Z,ls7,qg0651yd85t0,0.08193041526374861,0.17994762439206888,0.7381219603441825
0.06788755041252603,0.37562004112080555,0.7255019717086937,0.012510280201386512,0.4043018688878931,0.1367991670400928,2013-06-13T01:35:45Z,ls8,qg0651yd85t0,0.012589319367743152,0.3779931850024066,0.06831645970186438
0.15931558192540063,0.5383354799030429,0.0,0.026481766216851783,0.13424622842878334,0.13530263015086286,2013-06-20T01:41:28Z,ls8,qg0651yd85t0,0.026712828932423962,0.5430326461289154,0.1607056663590144
0.10272046181579467,0.5659892256874615,0.8264009985166962,0.004759766174493847,0.1819545895028603,0.14364013379320406,2013-06-21T01:28:59Z,ls7,qg0651yd85t0,0.004766380132648931,0.5667756989967986,0.10286319757448827
0.15705085726425802,0.5195100055598999,0.1996418364024456,0.013939256962305689,0.20787471691972498,0.09879445094857318,2013-06-28T01:35:06Z,ls7,qg0651yd85t0,0.01399640108963596,0.5216397421726436,0.15769468886942217
0.07811410959395047,0.4691889044188797,0.7476303317535544,0.014849872773536894,0.2688528115256424,0.16606099702540947,2013-06-29T01:35:19Z,ls8,qg0651yd85t0,0.014927359169265225,0.4716371245264574,0.07852170775322558
0.16879628531982757,0.5709729879575643,0.008156361926124234,0.024199405082152285,0.10804269839561854,0.12176666162086845,2013-07-06T01:41:31Z,ls8,qg0651yd85t0,0.024396491394731667,0.5756231419756888,0.17017100661309267
0.0,0.8845454545454544,0.9999602040447162,0.09681818181818182,0.0,0.0,2013-07-07T01:28:48Z,ls7,qg0651yd85t0,0.09865678554886523,0.9013432144511347,0.0
0.15831042138350954,0.5297893082452247,0.1770739119424044,0.01899494427714153,0.19572461697403995,0.09382102741081046,2013-07-14T01:34:56Z,ls7,qg0651yd85t0,0.019085196642505946,0.5323065432271378,0.1590626157455058
0.08097100222622104,0.40401850679601986,0.745673094316414,0.014441417668940307,0.34096033343527954,0.15596349850992552,2013-07-15T01:35:44Z,ls8,qg0651yd85t0,0.014546822541211252,0.40696735296058456,0.08156199255299908
0.16904928940474984,0.5754719814174276,7.959191056761128e-05,0.028022526303602184,0.10426827503364836,0.11692801424084982,2013-07-22T01:41:29Z,ls8,qg0651yd85t0,0.02824959251545856,0.5801350243363361,0.17041909387370718
0.09426761995043226,0.4677621435179369,0.8416175246915814,0.005096565665794854,0.2623890722614982,0.16926116701120414,2013-07-23T01:28:41Z,ls7,qg0651yd85t0,0.005107560216976305,0.46877122201606525,0.09447097849425608
0.09861311526835113,0.6676646894427649,0.7462754603668463,0.01965764558261564,0.07678377915929961,0.13334141333485428,2013-07-31T01:35:21Z,ls8,qg0651yd85t0,0.019756175923587187,0.6710112361708042,0.09910739541145483
0.18066121460611434,0.6539207851609716,0.0990955464708223,0.029723976885297914,0.029865191009521362,0.09939603002180557,2013-08-07T01:41:33Z,ls8,qg0651yd85t0,0.02994520463625904,0.6587877457687715,0.18200582856364253
0.13597156398104265,0.8050947867298578,0.999236641221374,0.0028436018957345975,0.023696682464454975,0.02843601895734597,2013-08-08T01:28:34Z,ls7,qg0651yd85t0,0.002855523707212209,0.8084701496044564,0.1365416252665304
0.18025119310484108,0.6532867967602919,0.2028924423863102,0.013426542639740208,0.02481068041583363,0.12563513117912573,2013-08-15T01:34:49Z,ls7,qg0651yd85t0,0.013467595274214785,0.6552842688418303,0.18080232428899548
0.10185283728194834,0.6875051533285507,0.8007977280127347,0.02082852810039683,0.047946387221561346,0.138181851202746,2013-08-16T01:35:22Z,ls8,qg0651yd85t0,0.020923269475121676,0.6906323634243771,0.10231612867619401
0.20407801348037985,0.6214261358560241,0.27109004739336495,0.03331279345635752,0.021439065307378474,0.11204449120995841,2013-08-23T01:41:35Z,ls8,qg0651yd85t0,0.03361145067120671,0.6269973707995119,0.20590762201194454
0.14222640090259495,0.6445107183151559,0.9278517419774972,0.010705277673310767,0.038159709163846055,0.1634950482637583,2013-08-24T01:28:44Z,ls7,qg0651yd85t0,0.010717397938990786,0.6452404183171535,0.14238742631625143
0.21973066113915846,0.6860721734043771,0.431011902608444,0.017023570329488667,0.013915205310477257,0.060257893866754834,2013-08-31T01:35:00Z,ls7,qg0651yd85t0,0.017078921101371745,0.6883028819825684,0.22044509773882778
0.09268263038548753,0.7529504761904764,0.8005679968163235,0.02227092970521542,0.012553287981859411,0.11609977324263039,2013-09-01T01:35:24Z,ls8,qg0651yd85t0,0.022359276614813513,0.7559373675565905,0.09305029460410624
0.1270644931354015,0.7300243799134306,0.8248959878441445,0.0060317558702905946,0.02981374159357858,0.10523651615169265,2013-09-09T01:29:20Z,ls7,qg0651yd85t0,0.006044538284161626,0.7315714375133509,0.12733376645721636
0.19182974917588913,0.7297235046681027,0.1889548135016823,0.017593997707209798,0.010516056222427414,0.04667210869788251,2013-09-16T01:35:12Z,ls7,qg0651yd85t0,0.017662650066136057,0.7325709098339493,0.19257827517960466
0.0915650226716712,0.8202376341772455,0.7730056799681633,0.023264322200706046,0.0051479436116888605,0.056212994174695385,2013-09-17T01:35:43Z,ls8,qg0651yd85t0,0.02335319507881721,0.823371053610467,0.09191481352433134
0.17469131001049168,0.7073306862993383,0.0,0.029897434969791255,0.017457762020187402,0.06387974385876054,2013-09-24T01:41:26Z,ls8,qg0651yd85t0,0.03011850744163891,0.7125609457979172,0.17598304088149605
0.08767258199386788,0.8703179101241908,0.8831843999855288,0.005842392145932051,0.007881941218371581,0.029235962711759423,2013-09-25T01:29:29Z,ls7,qg0651yd85t0,0.005836628825787581,0.8694593712554836,0.08758609598859779
0.1721752178165206,0.7526684142600042,0.1898737382873268,0.01433752964135633,0.007980279287446355,0.050797804641691265,2013-10-02T01:35:22Z,ls7,qg0651yd85t0,0.0143686837756376,0.7543038935534165,0.17254933874180817
0.1824544715255729,0.7337338329768334,0.0012535725914402107,0.030695890619368376,0.010680513722386336,0.035037228753529534,2013-10-10T01:41:25Z,ls8,qg0651yd85t0,0.030935719434197574,0.7394665389518763,0.18387999913801023
0.05915116688855822,0.8958695864985511,0.8152165261748852,0.003720338319367218,0.0012824026940245908,0.04415968360873992,2013-10-11T01:29:19Z,ls7,qg0651yd85t0,0.003704105743566369,0.8919607293672496,0.058893078586419484
0.16516947368659304,0.7980309817138177,0.20080858145508484,0.012113469847830176,0.0057671980425930665,0.017181632787018824,2013-10-18T01:35:34Z,ls7,qg0651yd85t0,0.012135046543624713,0.7994524465742877,0.16546367605247567
0.2311029914863704,0.6793292509568069,0.421014073296914,0.032518565961102884,0.012603296102475983,0.034001405920487386,2013-10-26T01:41:17Z,ls8,qg0651yd85t0,0.032878754233995396,0.6868537657192405,0.23366277802380062
0.07912674233373161,0.9000431103146157,0.8183133750587894,0.004685682994822781,0.0016726403823178017,0.014565909996017522,2013-10-27T01:29:49Z,ls7,qg0651yd85t0,0.004685234903355033,0.8999570392682424,0.07911917545006714
0.27263803680981596,0.7139263803680981,0.9997051481494881,0.0036196319018404915,0.0,0.0,2013-11-03T01:35:38Z,ls7,qg0651yd85t0,0.0036555142503097906,0.721003717472119,0.2753407682775713
,,1.0,,,,2013-11-04T01:35:06Z,ls8,qg0651yd85t0,,,
0.1923091829580023,0.7431097541899234,0.017063420281465902,0.03048405648276459,0.003492906528864327,0.022289822907062554,2013-11-11T01:41:16Z,ls8,qg0651yd85t0,0.030746456422843346,0.7495062767485803,0.19396453739264932
0.11201808256567725,0.8620900716479016,0.8409428023588148,0.003730126236779256,0.0008415785283748436,0.021392016376663256,2013-11-12T01:29:56Z,ls7,qg0651yd85t0,0.0037298520563198677,0.8620267042879587,0.11200984875068332
0.21493457513025038,0.7544561144666267,0.41149922216996493,0.011594663961762492,0.0032212949728741146,0.010260193339173468,2013-11-19T01:35:43Z,ls7,qg0651yd85t0,0.01166006260295927,0.7587115551496371,0.21614689393535602
,,1.0,,,,2013-11-20T01:34:59Z,ls8,qg0651yd85t0,,,
0.17079512612227443,0.6821071184266778,0.1537932781013711,0.028902351432236007,0.031139375801624625,0.07974134245404019,2013-11-27T01:41:09Z,ls8,qg0651yd85t0,0.029142100260384957,0.6877652871988026,0.17221189428514774
0.31357142857142856,0.09857142857142857,0.999974675301183,0.5707142857142856,0.0,0.0,2013-11-28T01:29:38Z,ls7,qg0651yd85t0,0.5806686046511628,0.10029069767441863,0.31904069767441867
0.1762548790583219,0.7429201773584474,0.2024257443652545,0.014670038442783764,0.017513579714911038,0.044979191000532985,2013-12-05T01:35:53Z,ls7,qg0651yd85t0,0.014727567955004968,0.7458335872714081,0.1769460740581428
0.15122340425531916,0.8118351063829787,0.9993198509460584,0.027686170212765957,0.0,0.0,2013-12-06T01:35:23Z,ls8,qg0651yd85t0,0.027944808332438526,0.8194190915923978,0.15263610007516376
0.04668033741430467,0.48666524895950414,0.8213686190803516,0.003819100566070217,0.10762422659011048,0.3561280392097295,2013-12-14T01:29:42Z,ls7,qg0651yd85t0,0.0038125812716853402,0.4858344999467541,0.04660065298172049
0.1285442536327609,0.3506406869220607,0.98630657356825,0.005966974900924704,0.022457067371202115,0.48745046235138706,2013-12-21T01:35:54Z,ls7,qg0651yd85t0,0.006027739716394558,0.3542114437948171,0.12985328676619914
0.07409821310205764,0.541128585482937,0.740745631489454,0.015586690017513132,0.08455843874938077,0.28108232568848945,2013-12-22T01:35:13Z,ls8,qg0651yd85t0,0.015674301426810363,0.5441702215154691,0.07451471261985029
0.23424428068824288,0.5715772522798481,0.896655330849101,0.026393026553009756,0.027235651397665015,0.13054208748315274,2013-12-29T01:40:58Z,ls8,qg0651yd85t0,0.026710412894057137,0.5784506895630888,0.23706115866203625
0.04868468163825512,0.8178657529886818,0.8181216309106039,0.00286754321405128,0.00852346189803672,0.12550474409722914,2013-12-30T01:29:47Z,ls7,qg0651yd85t0,0.002856176896208896,0.8146239109633139,0.048491706145211415
0.15028059241388553,0.6142894830898448,0.1902246662566477,0.014797815306259204,0.03430058526560336,0.18406603225662332,2014-01-06T01:35:59Z,ls7,qg0651yd85t0,0.014840830072036754,0.6160751195292687,0.15071743287646788
0.06480575261466215,0.6465928858282092,0.7473083462971672,0.017603459013694315,0.011689920038942538,0.25612593329658606,2014-01-07T01:34:40Z,ls8,qg0651yd85t0,0.017680297026926868,0.6494152239083951,0.06508862572914932
0.16599539143452613,0.6571294067572722,0.014015411888137153,0.0280173078052074,0.0013686265300730913,0.14004021487069598,2014-01-14T01:40:43Z,ls8,qg0651yd85t0,0.028262510572340225,0.6628804928366879,0.16744815519020279
0.05341336194830643,0.7606329196603527,0.8061394305560581,0.0035718951199029576,0.007203508444527386,0.1775310254735467,2014-01-15T01:29:55Z,ls7,qg0651yd85t0,0.0035616169290353227,0.7584441850905963,0.05325966406229412
0.08683274736313412,0.8321657458563535,0.9819923302340726,0.022445002511300854,0.0,0.050728277247614265,2014-01-23T01:34:53Z,ls8,qg0651yd85t0,0.022631635671926595,0.8390853139533253,0.08755477312713386
0.16266466480952202,0.7488216236749755,0.0,0.029554375746174175,0.00704026627111899,0.04403422452154408,2014-01-30T01:40:37Z,ls8,qg0651yd85t0,0.029802007628619138,0.7550958928349368,0.16402760874378108
0.07842116354213821,0.8551407989010816,0.7682319742411635,0.0028416558700029666,0.0086243229321137,0.05479762109173782,2014-01-31T01:30:13Z,ls7,qg0651yd85t0,0.002842185227001496,0.8553000985444356,0.07843577220471135
0.1823870614730326,0.7664841051220093,0.2297149162476032,0.01543159343304472,0.0018786883936979398,0.028748629144562724,2014-02-07T01:36:25Z,ls7,qg0651yd85t0,0.015512726646570855,0.7705139753253083,0.18334598048986003
0.09028464452930188,0.8623185428343867,0.7569859990593684,0.022262790022554213,0.0004391743522178305,0.01834111192991075,2014-02-08T01:34:43Z,ls8,qg0651yd85t0,0.022407888837253826,0.867938745797807,0.09087307908281048
0.12097865397624992,0.31676640160674535,0.2272367135776564,0.017675790439584362,0.45151322919763387,0.08778110435651769,2014-02-15T01:40:23Z,ls8,qg0651yd85t0,0.017880904849977217,0.32044224025848267,0.1223825213373886
0.06140776226191214,0.29219275486801677,0.7957183169928729,0.003671356846215831,0.5139952714489379,0.12738751981298316,2014-02-16T01:30:30Z,ls7,qg0651yd85t0,0.0036851816232230726,0.2932930291939368,0.061638997920919154
0.1489778269508671,0.30267611994219645,0.19887124199558626,0.02403824963872831,0.31298997471098267,0.20740606936416184,2014-02-23T01:36:15Z,ls7,qg0651yd85t0,0.024235923364517124,0.3051651163223606,0.1502029162379778
0.055636109134416134,0.2915496680455744,0.7686787742845773,0.010835320889278145,0.15782888511796309,0.4815333244707888,2014-02-24T01:34:06Z,ls8,qg0651yd85t0,0.010914513711563658,0.2936805362759542,0.05604274042373024
0.14365473725539585,0.38330644832707983,0.023273398212799834,0.032008467387962675,0.13183345247928527,0.30321842231004864,2014-03-03T01:40:07Z,ls8,qg0651yd85t0,0.032350814656216406,0.3874061108913101,0.14519119966313948
0.04582886512896983,0.5227828717070127,0.8289551752830939,0.003604386771999958,0.004907093076133972,0.42463276119166216,2014-03-04T01:30:32Z,ls7,qg0651yd85t0,0.003593325875310307,0.5211785912285717,0.04568822862832197
0.40467068409438134,0.5370230011882532,0.9573749140769148,0.019137243252418938,0.013198098794771686,0.014598540145985401,2014-03-11T01:36:21Z,ls7,qg0651yd85t0,0.019363752413524896,0.543379226475737,0.40946038216998093
0.16130164076654163,0.7820587409732321,0.9291107412901125,0.029363596927709307,0.0020158718007604174,0.016484217510015567,2014-03-12T01:34:18Z,ls8,qg0651yd85t0,0.029628515790822343,0.7891144880282099,0.16275690687019173
0.061773768434264194,0.8623368894467104,0.8270503961506458,0.0037660286580901577,0.005344629222884635,0.06797406129065997,2014-03-20T01:30:40Z,ls7,qg0651yd85t0,0.003761176909681496,0.861225946856798,0.06169418571997599
0.1637929699654305,0.656673044837479,0.2616710683405087,0.02838571845071699,0.033168121559279014,0.11396917407996315,2014-03-27T01:36:28Z,ls7,qg0651yd85t0,0.028519845874978217,0.6597759384365524,0.16456692004922713
,,1.0,,,,2014-03-28T01:33:36Z,ls8,qg0651yd85t0,,,
0.18459787298316813,0.6311792511289611,0.06587315943706817,0.0416868382119426,0.04194584085328541,0.09269486680970714,2014-04-04T01:39:44Z,ls8,qg0651yd85t0,0.042070680984747956,0.6369910038135563,0.18629760753870298
0.0,0.0,0.9999511595094244,0.0,0.0,1.0,2014-04-05T01:30:44Z,ls7,qg0651yd85t0,0.0,0.0,0.0
0.15425615125729972,0.5711238765004011,0.18409970695705657,0.031532282738346,0.11941354096921378,0.12009196401253974,2014-04-12T01:36:34Z,ls7,qg0651yd85t0,0.031681513307869835,0.5738267934463782,0.1549861882639985
0.07089854303357777,0.5331063456837771,0.7750298469664629,0.016270584073073458,0.070789913804194,0.3063408593850508,2014-04-13T01:33:47Z,ls8,qg0651yd85t0,0.0163386214124555,0.5353355918623476,0.0711950135359521
0.14667569347211823,0.45544793939196604,3.979595528380564e-05,0.03438527273977115,0.09110018487765875,0.26679184801681627,2014-04-20T01:39:27Z,ls8,qg0651yd85t0,0.03468774338099338,0.45945429499989743,0.14796592872463415
0.06032113479250855,0.49578165705963206,0.8236351796244709,0.004526144126033355,0.10892531128843669,0.3318837309483271,2014-04-21T01:30:31Z,ls7,qg0651yd85t0,0.004514534848963935,0.4945100080660359,0.060166414848236295
0.239709140818007,0.6664569860005488,0.6705075793205746,0.02649964315124899,0.023930826242108152,0.038051056821301124,2014-04-28T01:36:45Z,ls7,qg0651yd85t0,0.026651718298861718,0.6702816240888844,0.2410847745488446
0.07743881436539161,0.5510105702232545,0.7710249267392641,0.016728444802578565,0.038006983615363955,0.3138281904220189,2014-04-29T01:33:32Z,ls8,qg0651yd85t0,0.01680589291842157,0.5535615981865231,0.07779733485767262
0.11713507409692553,0.7954701342242811,0.8446130747802179,0.0036997241009999876,0.02044213687849967,0.06309588945413906,2014-05-07T01:30:59Z,ls7,qg0651yd85t0,0.003700358179524496,0.7956064661547791,0.11715514933305772
0.1491905201185996,0.7034805502622701,0.1940722115697695,0.025986896593518327,0.03445311570635621,0.08540108140137767,2014-05-14T01:36:51Z,ls7,qg0651yd85t0,0.02603090033513255,0.7046717573867135,0.14944314517042007
0.1154161176596275,0.749813931127809,0.8984081617886472,0.021978918129696236,0.025088137886827393,0.08279619671664115,2014-05-15T01:33:18Z,ls8,qg0651yd85t0,0.022100472271039673,0.7539607680206787,0.11605442510481306
0.17835370605686754,0.6334662865989131,0.31527622010781087,0.04104124122590344,0.05251645184384816,0.08739885187132293,2014-05-22T01:39:02Z,ls8,qg0651yd85t0,0.04138884743802357,0.6388315438331771,0.17986430501362827
0.12084566971013208,0.852137418865546,0.8163434752722405,0.005270513843335402,0.0018024406819726383,0.01889115425149465,2014-05-23T01:31:07Z,ls7,qg0651yd85t0,0.005276186003309389,0.8530544944872593,0.12097572457596385
0.1785212193289935,0.7261717129265325,0.19082522340002173,0.022805055797982688,0.015337738750983619,0.054137009085056156,2014-05-30T01:36:55Z,ls7,qg0651yd85t0,0.022879489303869818,0.7285418674636664,0.17910389539642402
0.11690540308634643,0.8356012303143113,0.7259397272168155,0.022968265283223106,0.0005148310957981862,0.01897614615922802,2014-05-31T01:33:21Z,ls8,qg0651yd85t0,0.023086797392106524,0.8399135096612013,0.11750871569166592
0.16760303752611902,0.7130998850852243,0.003576209254368523,0.035556537888291224,0.011564093580203433,0.0660297035634473,2014-06-07T01:39:12Z,ls8,qg0651yd85t0,0.035795069534531376,0.717883727934532,0.16872740538728584
0.0,0.0,0.9999728663941246,0.0,0.0,1.0,2014-06-08T01:30:46Z,ls7,qg0651yd85t0,0.0,0.0,0.0
0.18965833250323733,0.7375262159396537,0.2009768098115119,0.022186087893578687,0.006114788687754122,0.04174401651740032,2014-06-15T01:36:56Z,ls7,qg0651yd85t0,0.022250833790617403,0.7396785465654782,0.19021181443874985
0.13407030582437454,0.8139111340738829,0.7269111103071524,0.022972663261994188,0.00047691910259722197,0.02288549304824169,2014-06-16T01:33:28Z,ls8,qg0651yd85t0,0.023107133861055517,0.8186753669594392,0.13485508702866641
,,1.0,,,,2014-06-23T01:39:15Z,ls8,qg0651yd85t0,,,
0.11056926486091088,0.8758968180546893,0.8318403820411707,0.0027441320109291966,0.0011617650222671629,0.010746326455971258,2014-06-24T01:30:48Z,ls7,qg0651yd85t0,0.0027410297578822256,0.8749066129326981,0.11044426583118128
0.1881499359237797,0.7614801728477318,0.2561249592995912,0.02147783838202073,0.004097473670388032,0.022072859647544314,2014-07-01T01:37:02Z,ls7,qg0651yd85t0,0.02153803421537419,0.7636143696310113,0.18867726283568217
0.12506047450931257,0.8348114271394561,0.7545729170435223,0.0230905754107181,0.0006412288007547337,0.010620812665374383,2014-07-02T01:33:08Z,ls8,qg0651yd85t0,0.02322624609360766,0.8397164342425465,0.12579527819771674
0.17823262095931705,0.7167989247231593,0.03033898918273581,0.03518259558845477,0.0060740829179476465,0.056321448825478314,2014-07-09T01:39:23Z,ls8,qg0651yd85t0,0.03546211282439689,0.722493719288875,0.1796486361433024
0.116401958118031,0.8683382104976884,0.8337162186606852,0.003249714441120479,0.0010116943160184933,0.010497688332880065,2014-07-10T01:31:17Z,ls7,qg0651yd85t0,0.0032513614655436352,0.8687783027784602,0.11646095310709764
0.1818992076987084,0.714932998082559,0.0,0.03382086393401107,0.009496762056365545,0.052736876379291635,2014-07-25T01:39:25Z,ls8,qg0651yd85t0,0.034079368078658356,0.7203974694665558,0.18328952401912882
0.1349379732236875,0.8176298450584163,0.8196248326760971,0.003971819686105401,0.0025171739457453745,0.04011432582861154,2014-07-26T01:31:21Z,ls7,qg0651yd85t0,0.003975261353654212,0.8183383389798601,0.13505489989212888
0.1833524359173633,0.7417096362174185,0.196991787561955,0.018762319251935604,0.008438476388710554,0.044886567144006004,2014-08-02T01:37:11Z,ls7,qg0651yd85t0,0.018818985738390165,0.7439497686066804,0.18390620212221298
0.10910760225957937,0.8400179677397401,0.7342172859158497,0.022307561423807264,0.0014632818348873614,0.022507316409174437,2014-08-03T01:33:21Z,ls8,qg0651yd85t0,0.02241310814591608,0.8439924560902604,0.10962383751976162
0.1757731850704935,0.7307323527194289,0.016300061502840024,0.03156843671215445,0.006592388136275788,0.04843980147441473,2014-08-10T01:39:35Z,ls8,qg0651yd85t0,0.03180043080625091,0.7361024504452643,0.17706492913779406
0.13589928892085326,0.8178256986091619,0.8440595492203611,0.002115605461273446,0.013896783323860011,0.028698365561961325,2014-08-11T01:31:01Z,ls7,qg0651yd85t0,0.002119067704927768,0.8191640917487063,0.13612169166054458
0.1933271997720689,0.7467544042927015,0.2381245251618972,0.01922287383066622,0.006731088845624199,0.030260221283061873,2014-08-18T01:37:11Z,ls7,qg0651yd85t0,0.019297100107197887,0.7496378856806843,0.1940737040834316
0.38768115942028986,0.5714492753623188,0.9998751854129735,0.02376811594202899,0.0,0.0,2014-08-19T01:33:26Z,ls8,qg0651yd85t0,0.024181657328221765,0.5813919197876732,0.39442642288410495
0.2201352209517667,0.7072480691033257,0.45594045077963896,0.03453650167737816,0.005070370087143869,0.023809127996089998,2014-08-26T01:39:37Z,ls8,qg0651yd85t0,0.03486684142653821,0.7140128581929674,0.2222408022972604
0.13314600160725718,0.844978547202964,0.8671954704967259,0.0035449555280112235,0.002451748232698149,0.014233760573164254,2014-08-27T01:31:22Z,ls7,qg0651yd85t0,0.0035508958217888914,0.8463944805670219,0.13336911480532676
0.38073739590582,0.48699161128996477,0.7634474150718136,0.017984950791842227,0.04534644531279871,0.05986036659504018,2014-09-03T01:37:11Z,ls7,qg0651yd85t0,0.018169309980477864,0.49198363931211003,0.3846402387995732
0.45333333333333337,0.5011111111111111,0.9999674396729497,0.03277777777777778,0.0,0.0,2014-09-04T01:33:29Z,ls8,qg0651yd85t0,0.03320202588632527,0.5075970737197524,0.45920090039392236
0.1981781611782471,0.7112079160920433,0.11594008899822728,0.033525165430118305,0.00769756468859852,0.040687419944918014,2014-09-11T01:39:41Z,ls8,qg0651yd85t0,0.03383462766291619,0.7177728945753306,0.20000749312823662
0.13475408305023406,0.8344363114208664,0.8450508302883397,0.004267035571276807,0.0009222615253505177,0.02343011242251252,2014-09-12T01:31:22Z,ls7,qg0651yd85t0,0.004276636036580469,0.8363137217967809,0.13505726821877567
0.17982552190728832,0.7323717607195798,0.1885333381570855,0.01712888017030952,0.006168147215194106,0.06040637991952652,2014-09-19T01:37:15Z,ls7,qg0651yd85t0,0.017204436625888164,0.7356022938224839,0.18061874241690726
0.1349049072901929,0.8162931714945266,0.7570818711334611,0.02235438230694765,0.0019435549929257578,0.0171420061061881,2014-09-20T01:33:28Z,ls8,qg0651yd85t0,0.022523425551210015,0.8224659587397266,0.13592505460994952
0.17930979342281395,0.7120399406678485,0.0,0.032875131145761745,0.006953438732317934,0.06071053869252198,2014-09-27T01:39:39Z,ls8,qg0651yd85t0,0.033163648985180226,0.718288926393572,0.18088344719640792
0.1755479805341886,0.7543475140723466,0.1933902536087696,0.0164509878675069,0.0072099751070843895,0.041768518310869904,2014-10-05T01:37:27Z,ls7,qg0651yd85t0,0.016532257007621422,0.7580740485704526,0.17641520100397165
0.12271390802198566,0.8343837055590344,0.7400057885025868,0.022346970013219225,0.0010992833785570166,0.01308703819661866,2014-10-06T01:33:33Z,ls8,qg0651yd85t0,0.022492287036330556,0.8398095040521955,0.12351188733629825
0.21471537176671726,0.719381068388186,0.12604645273325854,0.033729547811292414,0.0032475126205915895,0.018278383653565537,2014-10-13T01:39:45Z,ls8,qg0651yd85t0,0.03410064358065683,0.7272957689508285,0.2170776911943575
0.1243461640562782,0.8636435359702682,0.8296461777793858,0.003790602601539688,0.0004247411733474914,0.005149986726838333,2014-10-14T01:31:43Z,ls7,qg0651yd85t0,0.003800711723624446,0.8659467787157064,0.12467778166048332
0.16536186567795286,0.7181774076530365,0.1871893202127275,0.017658622239828368,0.029220764769505362,0.0663576194312522,2014-10-21T01:37:36Z,ls7,qg0651yd85t0,0.017721789783827775,0.7207464361073054,0.1659533899081092
0.12051851851851854,0.8420475357247013,0.9379725769689953,0.023383202099737533,0.00034995625546806647,0.006532516768737241,2014-10-22T01:33:59Z,ls8,qg0651yd85t0,0.023553207928977637,0.8481695796158615,0.1213947394309555
0.16802194009614202,0.773709108837668,0.8532433703556311,0.004627757919388635,0.0027733267595217554,0.046000246517934176,2014-10-30T01:31:29Z,ls7,qg0651yd85t0,0.004651560906411961,0.777688700726071,0.16888616509006107
0.2109821286298766,0.7356943082278325,0.19399985528743535,0.020686217522156866,0.0028727054826032995,0.023632491196728708,2014-11-06T01:37:46Z,ls7,qg0651yd85t0,0.020817348247840105,0.7403579026435644,0.21231955242926365
,,1.0,,,,2014-11-07T01:33:35Z,ls8,qg0651yd85t0,,,
0.16603470437017998,0.6441848388145259,0.7551246336963207,0.024272449250952916,0.04862896315338475,0.10901072599946814,2014-11-14T01:39:46Z,ls8,qg0651yd85t0,0.02450131107475036,0.6502587753814328,0.16760022439096392
0.09324754353432659,0.799504017733444,0.8302630150862849,0.0037226378498198946,0.018799155956263188,0.08339194748172304,2014-11-15T01:32:00Z,ls7,qg0651yd85t0,0.0037281802237438275,0.8006943430884016,0.09338637324986833
0.21241988739974854,0.7228780340987553,0.18262002098332186,0.021589615459518784,0.011822141175220863,0.024958837172246517,2014-11-22T01:37:49Z,ls7,qg0651yd85t0,0.0217324685269512,0.7276611366391478,0.21382541648643374
0.10985380159728521,0.8560134423543868,0.7526645200969574,0.022169353187256824,0.001148231577099728,0.0047611385776555595,2014-11-23T01:33:56Z,ls8,qg0651yd85t0,0.02230519227425235,0.8612585247653683,0.11052691280562395
0.20656745414420608,0.716500488404906,0.0,0.03136353605151766,0.007756593466227705,0.028589776057306174,2014-11-30T01:39:44Z,ls8,qg0651yd85t0,0.03166658482905216,0.7234236426295225,0.20856340301789142
0.1352758174080829,0.8051289879205983,0.8631272385224847,0.007031691909179819,0.005378902016757857,0.04251579309068802,2014-12-01T01:31:43Z,ls7,qg0651yd85t0,0.007066342903844615,0.8090965281122395,0.13594243387646998
0.20304778408294646,0.737391484240662,0.18681849426576458,0.01773454374776162,0.005977181270757191,0.0298747839472531,2014-12-08T01:37:56Z,ls7,qg0651yd85t0,0.017845118794465632,0.7419891270652397,0.2043137889222845
0.11796631994510028,0.8504028035869874,0.7654010346948374,0.021836133579045576,0.0002852935053319043,0.0033155731700734823,2014-12-09T01:33:52Z,ls8,qg0651yd85t0,0.021972721733267055,0.855722195358715,0.11870421623261264
0.2573782267586472,0.6608957308192539,0.3963785680691726,0.0328866566375182,0.004444191384921515,0.032736579021498735,2014-12-16T01:39:39Z,ls8,qg0651yd85t0,0.03328975667664957,0.6689964963635102,0.26053297655341995
0.08351043434533913,0.8130625746432835,0.8848883904344995,0.007390156515180086,0.023807278898736565,0.06871896410836634,2014-12-17T01:32:16Z,ls7,qg0651yd85t0,0.007418856601151851,0.8162201486059938,0.08383475178575157
0.1499528658898602,0.6226018028797127,0.20174016859013788,0.015261231741197475,0.08039538267005669,0.12911800296401038,2014-12-24T01:38:04Z,ls7,qg0651yd85t0,0.01531296766456693,0.6247124371790737,0.15046120952229225
0.07457688502579324,0.7705340611970887,0.7952172497377085,0.020100876263161614,0.03371669846653947,0.09660978022754575,2014-12-25T01:33:52Z,ls8,qg0651yd85t0,0.02020453186930444,0.7745075285286324,0.074961460907978
0.17130158542422425,0.7086859034182994,0.021169639303932564,0.032839330495992546,0.0018369409942766536,0.07768005810203708,2015-01-01T01:39:33Z,ls8,qg0651yd85t0,0.033114764862544284,0.714629887352929,0.17273834868821308
0.09846651380115946,0.8642009171930431,0.9163778445063493,0.01872350090854028,0.001968503937007874,0.012827723457644718,2015-01-02T01:32:16Z,ls7,qg0651yd85t0,0.018796244322034965,0.8675584583371347,0.09884906994617776
0.16611820579518374,0.7585879111417256,0.20167143012192035,0.014495753763606537,0.009799878549482022,0.04686721107918755,2015-01-09T01:38:06Z,ls7,qg0651yd85t0,0.01455951272291435,0.7619245279570109,0.16684886969140508
0.10781152228641279,0.8523959894643404,0.8756937158568793,0.021448071130255094,0.002110042346367089,0.008411065353104673,2015-01-10T01:33:48Z,ls8,qg0651yd85t0,0.021619001647872494,0.8591891638626016,0.1086707267900542
0.17865830325374665,0.7388442631697077,0.01675409717448717,0.03174927054702533,0.0017091092394923818,0.04006196210891938,2015-01-17T01:39:33Z,ls8,qg0651yd85t0,0.03204952396915047,0.7458315266441757,0.18034787803826197
0.09511191343498492,0.8931431395936087,0.8316576824282769,0.006798942651752039,1.0745409023994499e-05,0.002020136896510966,2015-01-18T01:32:19Z,ls7,qg0651yd85t0,0.0068188609149647875,0.8957597023523048,0.09539055442719536
0.18301364708243437,0.6985806030806282,0.9278933468398394,0.020963072600471616,0.0342933119261452,0.05473884902915057,2015-01-25T01:38:08Z,ls7,qg0651yd85t0,0.02115841782560344,0.7050903541930886,0.18471906702601218
0.15005529870365336,0.8102420451454989,0.9800459462392822,0.020766929562143047,0.0,0.010878433505575198,2015-01-26T01:33:42Z,ls8,qg0651yd85t0,0.020937484379450866,0.8168964079665112,0.15128767414846278
0.1913151996352999,0.7313914863517873,6.692956115916804e-05,0.03238779050730578,0.0024910317430166993,0.03222964526767285,2015-02-02T01:39:29Z,ls8,qg0651yd85t0,0.03273316437632574,0.7391908299764348,0.19335532863655003
0.12162961359454486,0.8635775516830825,0.83287507687855,0.004451455785258145,0.00033553414871739367,0.00738175127178266,2015-02-03T01:32:27Z,ls7,qg0651yd85t0,0.004463258881817893,0.8658673395010592,0.12195211619662293
0.1994006855452998,0.7511339949816291,0.19257624543250973,0.01994405860740209,0.00038981987633300477,0.022773097947844788,2015-02-10T01:38:14Z,ls7,qg0651yd85t0,0.02007472727756645,0.7560552440699699,0.20070711082828588
0.26311786214481087,0.6785548359605339,0.42266741434825084,0.038961025939886144,4.6998223467152944e-05,0.005812113635437914,2015-02-18T01:39:21Z,ls8,qg0651yd85t0,0.03949767174127915,0.6879011915799927,0.266742024819823
0.16222912904912734,0.8277146296460747,0.8166690785427445,0.002738260860985308,5.920137347186455e-05,0.0028613997178067864,2015-02-19T01:32:07Z,ls7,qg0651yd85t0,0.0027503907994094294,0.831381237029397,0.16294777107991498
0.15317500159266106,0.7731228897241511,0.7160558590499619,0.0060886156590431294,0.017557495062750846,0.045365356437535836,2015-02-26T01:38:22Z,ls7,qg0651yd85t0,0.006119246211093643,0.7770123092968853,0.15394559299173433
0.1042007515930505,0.36433445890746696,0.9335733150030752,0.01205925603180655,0.29494580905179457,0.21937802951908938,2015-02-27T01:33:09Z,ls8,qg0651yd85t0,0.012186767820026062,0.36818684733364754,0.10530254627544242
0.32,0.6,0.9999981910929416,0.06,0.0,0.0,2015-03-06T01:39:15Z,ls8,qg0651yd85t0,0.061224489795918366,0.6122448979591837,0.326530612244898
0.1251497797356828,0.7633159219634991,0.9712564668427336,0.00799685336689742,0.03788546255506608,0.05997482693517936,2015-03-07T01:32:15Z,ls7,qg0651yd85t0,0.008047496173300871,0.7681498808579671,0.12594233347848677
0.15814005309540874,0.4373328153293457,0.18983936905321808,0.02284035876241702,0.15860299683169113,0.2205268011244259,2015-03-14T01:38:29Z,ls7,qg0651yd85t0,0.022934812868371464,0.4391413631068195,0.15879402606869206
0.10416234887737479,0.7128439838802534,0.9937158568792736,0.017251007484168107,0.09988485895221647,0.0590097869890616,2015-03-15T01:32:57Z,ls8,qg0651yd85t0,0.01739261263633043,0.7186953743510996,0.10501736707129199
0.060522228120883224,0.6772813071432785,0.9080007959191057,0.004607050866120057,0.06869973849269549,0.18779370416248845,2015-03-23T01:32:47Z,ls7,qg0651yd85t0,0.004613851947930436,0.6782811323486817,0.06061157304820397
0.17849022460923927,0.6293194993442912,0.21928656705618466,0.02277679949211527,0.03630727025862269,0.1286092948465456,2015-03-30T01:38:36Z,ls7,qg0651yd85t0,0.022900116265889784,0.6327267230132442,0.1794565956156978
0.27783489992966304,0.6786329049171942,0.9717105025143808,0.03159920711042906,0.0,0.0,2015-04-07T01:38:55Z,ls8,qg0651yd85t0,0.03198083402039039,0.6868288250741956,0.28119034090541395
0.07850836721926806,0.7809531070795537,0.8612061792265113,0.005218433948493379,0.011638515274736732,0.12479147117088937,2015-04-08T01:32:55Z,ls7,qg0651yd85t0,0.005211735617596993,0.7799506832916107,0.0784075946451663
0.17512844137945188,0.6221776389576857,0.2951901161318331,0.020903953207248877,0.043558938796251855,0.13392346130846206,2015-04-15T01:38:45Z,ls7,qg0651yd85t0,0.02101400461427729,0.6254531688974085,0.1760504263836002
0.21181658180903895,0.2509988057074612,0.9712220976086249,0.030429945313973215,0.3025960148343705,0.20271544408825193,2015-04-16T01:32:45Z,ls8,qg0651yd85t0,0.030518981631413783,0.25173321416963845,0.2124363452763254
0.1736703071035191,0.6272811433668337,0.12795304077276515,0.0297132248462408,0.05998527230675088,0.10174969144445481,2015-04-23T01:38:53Z,ls8,qg0651yd85t0,0.02998509295379574,0.6330205990548157,0.17525934424018294
0.11104780703221705,0.6260623599076646,0.9459299591187005,0.006080760095011877,0.13097587902713193,0.1262921949750761,2015-04-24T01:32:36Z,ls7,qg0651yd85t0,0.006077004565862576,0.6256756984697561,0.1109792229621733
0.17841428008523683,0.6091760584502527,0.07726022936941501,0.04001619261765623,0.01950955580081904,0.14685488787690473,2015-05-09T01:38:37Z,ls8,qg0651yd85t0,0.04030770630608552,0.6136138409599085,0.1797140090562823
0.09483084007498646,0.7990869515984952,0.8562262580948591,0.004585120972307848,0.022181401844465973,0.08132761288861488,2015-05-10T01:33:09Z,ls7,qg0651yd85t0,0.004574853971177652,0.7972976364016363,0.09461849489410516
0.08952153369481024,0.6686214562354764,0.7664700987663253,0.01913237800154919,0.05999225406661503,0.15899302865995352,2015-05-18T01:32:47Z,ls8,qg0651yd85t0,0.01922442085796134,0.6718380887254566,0.08995220769001352
0.07450031036623217,0.6838986572576693,0.7231558192540067,0.019158874840733114,0.07769610245352675,0.14169688653663956,2015-06-03T01:32:30Z,ls8,qg0651yd85t0,0.019234005763907394,0.6865805442632766,0.07479246098264965
0.16899193716159872,0.6223013370526952,6.692956115916804e-05,0.035564715268016564,0.07524471628107232,0.09260957735675662,2015-06-10T01:38:47Z,ls8,qg0651yd85t0,0.03579214990327705,0.6262809240266972,0.17007263243219675
0.11263499336056684,0.7921319169209252,0.8215458919720705,0.004805530495778132,0.02562517105409871,0.065076581553526,2015-06-11T01:32:57Z,ls7,qg0651yd85t0,0.004804081853961624,0.7918931263399372,0.1126010391984764
0.46774193548387105,0.465725806451613,0.9993270865742918,0.048521505376344094,0.002688172043010753,0.005376344086021506,2015-06-18T01:39:09Z,ls7,qg0651yd85t0,0.04901296327366813,0.4704429854383936,0.47247953515890606
0.0,0.0,0.9997557975471221,0.0,0.02962962962962963,0.9703703703703703,2015-06-19T01:32:40Z,ls8,qg0651yd85t0,0.0,0.0,0.0
0.2366949515116942,0.5957933257273246,0.3657971853406172,0.043035824301197935,0.029540787221905306,0.08618938961779805,2015-06-26T01:38:52Z,ls8,qg0651yd85t0,0.043465714624453256,0.6017447810450551,0.23905932749078826
0.12788446551153532,0.8373131986035933,0.8305614847509135,0.004386936980217574,0.004846854348824051,0.025760924105093466,2015-06-27T01:33:22Z,ls7,qg0651yd85t0,0.004386066548738001,0.837147063605618,0.12785909139172655
0.18293640667184438,0.7088277349384219,0.2174233927860787,0.025432638965938087,0.02589084285661452,0.05505011280002959,2015-07-04T01:39:12Z,ls7,qg0651yd85t0,0.02548427704737527,0.7102669290523597,0.183307838243621
0.09731464222843532,0.8457271064167616,0.7903766144495495,0.02384142763453108,0.008042525283904594,0.021944358151254704,2015-07-05T01:32:48Z,ls8,qg0651yd85t0,0.023918605774184972,0.8484648470306491,0.09762966376000655
0.19124283124427383,0.6852513889159634,0.07204876813429328,0.0290879939180101,0.017397999961012885,0.06951012690305854,2015-07-12T01:39:04Z,ls8,qg0651yd85t0,0.029329209915409635,0.6909339257630451,0.1928287374574739
0.2049686181465421,0.6979781203613883,0.8452317209941753,0.005737210579833799,0.01579027337860424,0.07227760960273028,2015-07-13T01:33:29Z,ls7,qg0651yd85t0,0.005757718726188703,0.7004731024168154,0.20570129587566136
0.34215313849427376,0.43864979034983415,0.88438189645816,0.02660961261655923,0.0797609362288003,0.10554477752049565,2015-07-20T01:39:17Z,ls7,qg0651yd85t0,0.02684959453173359,0.4426058049786783,0.3452388867402921
0.24857296426362313,0.6390758125985194,0.2747440396512427,0.0448770377317078,0.005167907097392102,0.05337510226070994,2015-07-28T01:39:09Z,ls8,qg0651yd85t0,0.04530684323223576,0.6451964995554293,0.25095364785423274
0.14262956434672866,0.8346717216491616,0.8265638001519482,0.0037115531033907316,0.0007822359432201004,0.017907988193452164,2015-07-29T01:33:31Z,ls7,qg0651yd85t0,0.0037126765306530287,0.8349243633172312,0.14267273601544342
0.2346180009998571,0.686229400264248,0.18949386780507216,0.02375919511498356,0.009500874875017854,0.04185116411941151,2015-08-05T01:39:20Z,ls7,qg0651yd85t0,0.023860845443341893,0.6891653349004347,0.23562178066179398
0.17089391069601376,0.7945881319893469,0.7507344162656923,0.023221213506629222,5.0798626985682045e-05,0.004702501469531709,2015-08-06T01:32:59Z,ls8,qg0651yd85t0,0.023374896325555512,0.7998468814502496,0.17202492212767742
0.2011312682907175,0.700520765801898,0.01226077204153253,0.035411946333798516,0.009922313668179372,0.04545804168910084,2015-08-13T01:39:14Z,ls8,qg0651yd85t0,0.035697477291484314,0.7061691524579937,0.2027530148932417
0.1492533336109174,0.8336182039618183,0.8262237256249774,0.003615601611375394,0.0005100606868123289,0.012418416313614457,2015-08-14T01:33:36Z,ls7,qg0651yd85t0,0.003617743452845921,0.8341120299503383,0.14934174959638893
0.21235562262533547,0.7074676197322068,0.18968561195325784,0.02081846958866679,0.013226686430424281,0.0426446229334,2015-08-21T01:39:23Z,ls7,qg0651yd85t0,0.020895644095061155,0.7100902171383366,0.21314282940277793
0.12542093567481466,0.747539084777094,0.816030534351145,0.01999655857308608,0.024080155749149477,0.07736327702503393,2015-08-22T01:33:07Z,ls8,qg0651yd85t0,0.02012196275812338,0.752227117938769,0.12620748652892438
0.0,0.0,0.9988621974602945,0.0,0.985691573926868,0.014308426073131956,2015-08-29T01:39:20Z,ls8,qg0651yd85t0,0.0,0.0,0.0
0.17724299719134373,0.80712666932108,0.8319036937882132,0.003701292412323652,0.0013666641557351469,0.007801822936283319,2015-08-30T01:33:12Z,ls7,qg0651yd85t0,0.0037116333877563004,0.809381686252651,0.1777381932675743
0.29373508909224977,0.6451859424688889,0.20023515791758617,0.018613223379760523,0.00785522679055292,0.02726824479899395,2015-09-06T01:39:24Z,ls7,qg0651yd85t0,0.018755947648369097,0.6501331614366436,0.2959874193254404
0.1802395814983035,0.7865034734721702,0.7638272855540682,0.023123980361670026,0.00028339243725155293,0.0012178215546755924,2015-09-07T01:33:37Z,ls8,qg0651yd85t0,0.02332562404308633,0.7933618712634312,0.18181129070155536
0.21979588711522424,0.6854310300292987,0.01956513874317134,0.035729644061667454,0.01143718496542461,0.03849233584991993,2015-09-14T01:39:28Z,ls8,qg0651yd85t0,0.0360757142829754,0.6920699785686171,0.221924786333063
0.16337574115940787,0.8232830695730068,0.8303751673239029,0.0032696327261869215,0.0010450880859958196,0.006697095081687497,2015-09-15T01:33:17Z,ls7,qg0651yd85t0,0.003277326408962212,0.8252203143041448,0.1637601761192097
0.22285404868169367,0.7228410625210966,0.2283057776491444,0.02093605839552938,0.007226774931553088,0.021049769343284702,2015-09-22T01:39:30Z,ls7,qg0651yd85t0,0.021046351134964444,0.7266490439211977,0.2240280606690001
0.16487507965457382,0.7991801621657253,0.7530353460439203,0.022901477363451914,0.0006885085001501535,0.003947937038095029,2015-09-23T01:33:44Z,ls8,qg0651yd85t0,0.023096550707677892,0.8059875285377097,0.16627947521636716
0.20367395391678392,0.7079559326757255,0.0003816793893129944,0.033308433268368784,0.009846021327919017,0.036452536965557926,2015-09-30T01:39:33Z,ls8,qg0651yd85t0,0.033617327354980936,0.7145213390826728,0.20556277526886943
0.24078116757641152,0.7191093527412233,0.35875149234832315,0.0198705482446861,0.004961988180369257,0.009148224939702958,2015-10-08T01:39:35Z,ls7,qg0651yd85t0,0.019994844868542357,0.7236076113513298,0.24228733066005564
0.14950566536036802,0.8184021269949452,0.7452045873883,0.022236823422502418,0.0,0.0018742545578463111,2015-10-09T01:33:46Z,ls8,qg0651yd85t0,0.022416064887062184,0.8249989143621982,0.15071076619289328
0.21913103020950697,0.6988005785764885,0.0833164502007887,0.03182373939588879,0.012317443528606187,0.027658008410276245,2015-10-16T01:39:33Z,ls8,qg0651yd85t0,0.03216783257881913,0.706356337889519,0.2215003775927794
0.09129494837612247,0.7200725898967523,0.8170905538873413,0.0039414138217492775,0.052068910953756084,0.13101784089560506,2015-10-17T01:33:36Z,ls7,qg0651yd85t0,0.003949169402787741,0.7214894878874438,0.09147459086040723
0.21988128727985137,0.6765988447028707,0.19301219203357334,0.025107628233722392,0.032264933795691286,0.03986380315566026,2015-10-24T01:39:53Z,ls7,qg0651yd85t0,0.02527881524371422,0.6812119818781712,0.221380465926763
,,1.0,,,,2015-10-25T01:33:50Z,ls8,qg0651yd85t0,,,
0.16566327365561484,0.7371877966157173,0.11571940233710787,0.030871088763787524,0.022280954407095866,0.035792311720616636,2015-11-01T01:39:39Z,ls8,qg0651yd85t0,0.03114235163959748,0.7436654328031573,0.16711894942953273
0.10051802614693614,0.8586962624318256,0.8195723743714047,0.005056745267885788,0.013294032723772858,0.019519971126082773,2015-11-02T01:34:13Z,ls7,qg0651yd85t0,0.005072031656584483,0.8612920753799314,0.10082188911362858
0.09457397293059043,0.4177294630769396,0.4936018957345971,0.009226139233497768,0.3984325604489421,0.07632158944371613,2015-11-09T01:40:08Z,ls7,qg0651yd85t0,0.009291882138549156,0.42070608718082525,0.09524788078796743
,,1.0,,,,2015-11-10T01:33:52Z,ls8,qg0651yd85t0,,,
0.167512761289524,0.4964129846744748,0.09386599616511704,0.03208997682306274,0.10037550231669558,0.19679235979549997,2015-11-17T01:39:40Z,ls8,qg0651yd85t0,0.03240424932501618,0.5012745946268913,0.16915329393589695
0.09631578947368422,0.053157894736842105,0.9999656307658913,0.3215789473684211,0.0,0.5263157894736842,2015-11-18T01:34:07Z,ls7,qg0651yd85t0,0.3233754778006469,0.05345486621581887,0.09685386650985005
,,1.0,,,,2015-11-26T01:33:55Z,ls8,qg0651yd85t0,,,
0.15899034698669454,0.5917660945889486,0.008503672081328406,0.03266971223402218,0.048693805542227145,0.15978646972646451,2015-12-03T01:39:41Z,ls8,qg0651yd85t0,0.03300722283622754,0.5978796265820904,0.16063287531299048
0.09939298791290996,0.675578861372495,0.8162222784993307,0.006262155990393323,0.0778180243316666,0.13855860466947517,2015-12-04T01:34:43Z,ls7,qg0651yd85t0,0.006281308486028249,0.6776450860422948,0.09969697647053524
0.17646388261596396,0.5784843535327785,0.19817843059223617,0.032979292203499946,0.029966408204609905,0.17787633978022077,2015-12-11T01:40:39Z,ls7,qg0651yd85t0,0.033156330430494554,0.5815897520253118,0.17741116955936292
0.08057235632977137,0.809014303459999,0.750987663253862,0.021128004707283942,0.005237579816793671,0.07992212641381966,2015-12-12T01:33:52Z,ls8,qg0651yd85t0,0.021223716699288027,0.8126792198407333,0.0809373572293654
0.18870458138718743,0.6772449810239471,3.256032705034606e-05,0.037227940564614474,0.016915640681473654,0.07107065459242189,2015-12-19T01:39:41Z,ls8,qg0651yd85t0,0.037592158664041614,0.6838707807886961,0.19055076527336684
0.10966028289135525,0.8178701288811895,0.8099598422633045,0.007288450189419178,0.021026480610710274,0.04104399474575948,2015-12-20T01:35:00Z,ls7,qg0651yd85t0,0.0073127029200103204,0.8205916380331754,0.1100251836903445
0.18489870324873386,0.5585065894025593,0.1952516189718172,0.02849869965226657,0.06402611035310567,0.15951681460885045,2015-12-27T01:40:52Z,ls7,qg0651yd85t0,0.02866679949193025,0.5618009456109209,0.18598932993519263
0.11150396485988893,0.8388858526260855,0.7504395644151803,0.022797292007944222,0.004689697162986909,0.01645380612052594,2015-12-28T01:33:29Z,ls8,qg0651yd85t0,0.022930099640472577,0.8437728560478068,0.1121535410282078
0.19070623349372307,0.6436615173112405,0.0,0.035801942766180685,0.0067834014688325315,0.11489634962555624,2016-01-04T01:39:37Z,ls8,qg0651yd85t0,0.03613728622591394,0.6496904549452117,0.1924925077344856
0.1271802441628371,0.8461398133964628,0.8051535762092543,0.004212319546952606,0.0013647124355939285,0.017861950517569513,2016-01-05T01:35:14Z,ls7,qg0651yd85t0,0.004226285282746469,0.8489451478320026,0.12760190393208753
0.2122880592561992,0.6903045715859412,0.3694367063420282,0.022882543288925607,0.005249750421701263,0.06305151066588638,2016-01-12T01:41:07Z,ls7,qg0651yd85t0,0.02303642206871492,0.6949466790570122,0.21371563778668515
,,1.0,,,,2016-01-13T01:33:26Z,ls8,qg0651yd85t0,,,
0.039504073259202,0.6919843015995717,0.9391592199992764,0.021714634001308193,0.18615091871320688,0.05470654694654219,2016-01-20T01:39:37Z,ls8,qg0651yd85t0,0.02188586887480997,0.6974410753284072,0.039815590137033646
0.0,0.0,0.9999782931152997,0.0,0.0,1.0,2016-01-21T01:35:28Z,ls7,qg0651yd85t0,0.0,0.0,0.0
0.15314121353489624,0.32648169005718364,0.20821786476610826,0.027082746000233037,0.3136415870673249,0.17516728998224865,2016-01-28T01:41:19Z,ls7,qg0651yd85t0,0.02732248861164134,0.32937178004106604,0.15449685429771906
0.03609904860587792,0.08775292012057272,0.9231865706739988,0.006298982667671439,0.8275009419743783,0.040575546345139414,2016-01-29T01:33:25Z,ls8,qg0651yd85t0,0.006384770181336053,0.08894805038701879,0.03659069111212745
0.1454212942771155,0.26383101900027334,0.0004504178575305273,0.0364712950914905,0.3913506137672806,0.1570856957748416,2016-02-05T01:39:34Z,ls8,qg0651yd85t0,0.03694915929528675,0.26728785812581174,0.14732667303677927
0.04312174049947847,0.2043042134886741,0.81616801128758,0.004946667191466751,0.5843681734989078,0.16228130596500895,2016-02-06T01:35:12Z,ls7,qg0651yd85t0,0.004965834653612868,0.20509585625071225,0.043288829631758126
0.1497479927882181,0.3114051945537991,0.19635143446329728,0.03350478196964479,0.1874995779621989,0.31410191481363936,2016-02-13T01:41:24Z,ls7,qg0651yd85t0,0.033758140684115506,0.3137599993050472,0.15088036723499904
0.05629102027968883,0.35440469445568595,0.7988585796461778,0.014985026305139622,0.22647601061198794,0.34515041143936326,2016-02-14T01:33:18Z,ls8,qg0651yd85t0,0.01507982089651627,0.3566466423514577,0.05664711470067477
,,1.0,,,,2016-02-21T01:39:26Z,ls8,qg0651yd85t0,,,
0.04755341645611338,0.5867874601779633,0.8682681523823306,0.011538503789959352,0.025898055586070525,0.32671921344611665,2016-02-22T01:35:38Z,ls7,qg0651yd85t0,0.011565360841713532,0.5881532682128332,0.04766410191326609
,,1.0,,,,2016-03-01T01:33:15Z,ls8,qg0651yd85t0,,,
0.1651894253235455,0.5370889812252474,0.12670308599544156,0.040456816411752035,0.04448646991565446,0.2057061660065952,2016-03-08T01:39:25Z,ls8,qg0651yd85t0,0.04084203621279543,0.5422030096842462,0.16676231818070875
0.04848225488895916,0.6765274873249207,0.8226782677906009,0.006865353423036511,0.07356136574617197,0.19562977547002355,2016-03-09T01:35:48Z,ls7,qg0651yd85t0,0.006855351589563942,0.6755418839843653,0.04841162320987519
0.14093165781301442,0.4368115061886585,0.18683839224340648,0.03040246300597065,0.1352740183123782,0.25364378954112277,2016-03-16T01:41:38Z,ls7,qg0651yd85t0,0.030549267996475917,0.4389207467790023,0.14161217737102091
,,1.0,,,,2016-03-17T01:33:34Z,ls8,qg0651yd85t0,,,
0.11531525632213017,0.27823727433884443,0.0,0.03509361094026989,0.45921276364820374,0.10637097065952751,2016-03-24T01:39:17Z,ls8,qg0651yd85t0,0.03556601572891687,0.28198270312932916,0.11686754683402271
0.043032022699635186,0.1263033373868396,0.8661227886111211,0.0074757465207404405,0.7915416835562762,0.029658154303472503,2016-03-25T01:35:54Z,ls7,qg0651yd85t0,0.00755984573410992,0.1277242003455694,0.043516116060572
0.14641559361033676,0.3350882561175274,0.18241018776455264,0.03584603301031022,0.3395902473560777,0.13870967741935483,2016-04-01T01:41:42Z,ls7,qg0651yd85t0,0.036147448258813074,0.3379058819886804,0.14764674497707406
,,1.0,,,,2016-04-02T01:33:00Z,ls8,qg0651yd85t0,,,
0.03908138088108143,0.1817035365570763,0.828446872399696,0.010299563466121174,0.6779455492524094,0.08919420485459414,2016-04-10T01:35:35Z,ls7,qg0651yd85t0,0.010378710296451977,0.1830998344706427,0.0393817011259018
0.1428542552370927,0.3186707516821765,0.2026373864910821,0.03391508128439786,0.32380818424765995,0.17661377773946343,2016-04-17T01:41:49Z,ls7,qg0651yd85t0,0.03419834238391634,0.3213323117931175,0.1440473838358429
0.03920885599499196,0.1914709541431254,0.771721355956731,0.013832975427308096,0.5795145684921195,0.17367290823078202,2016-04-18T01:32:55Z,ls8,qg0651yd85t0,0.013963079933627725,0.19327181282998188,0.03957763051348892
0.11672341226389274,0.23763978237065422,0.7885460005064939,0.021234430604982212,0.47758691486449495,0.14240863673692855,2016-04-25T01:39:03Z,ls8,qg0651yd85t0,0.021483570573584364,0.24042796958508114,0.11809290823991102
0.14502380593117054,0.36720403923161754,0.22076806193697773,0.037620590795658986,0.19872323138529394,0.2477465033950438,2016-05-03T01:41:55Z,ls7,qg0651yd85t0,0.03787250129127442,0.36966286695224704,0.14599489697614088
0.048401856858790046,0.3166452083601563,0.7471039397995731,0.01827811395791311,0.3762928629672546,0.2379511608943822,2016-05-04T01:33:23Z,ls8,qg0651yd85t0,0.018394021772699297,0.3186531646650602,0.0487087897006037
0.14228539538047405,0.42477662160988733,6.512065410080314e-05,0.043643412255058044,0.19140749370459348,0.19187964919389852,2016-05-11T01:39:05Z,ls8,qg0651yd85t0,0.0440727266805737,0.42895509258308206,0.1436850378378522
0.04842179119371336,0.3514342438983825,0.8259759053579827,0.010601638185522434,0.41852729616232176,0.16995135337408007,2016-05-12T01:36:09Z,ls7,qg0651yd85t0,0.010629111714234677,0.3523449653002308,0.04854727344913265
0.0002925531914893617,0.0002925531914893617,0.9972794037842335,6.648936170212766e-05,0.21343085106382978,0.785904255319149,2016-05-20T01:33:21Z,ls8,qg0651yd85t0,6.784628745114972e-05,0.00029852366478505874,0.00029852366478505874
0.14847871731964662,0.48303592393022166,0.03854419159943567,0.043375690482999434,0.08989637110733154,0.2292516443655082,2016-05-27T01:39:11Z,ls8,qg0651yd85t0,0.04375885022646232,0.48730282824080556,0.14979030605989258
0.26010132667964947,0.25126764849074973,0.9405520784342101,0.031874391431353455,0.24680501460564752,0.20478334956183059,2016-05-28T01:35:50Z,ls7,qg0651yd85t0,0.03217763569831001,0.25365814037011863,0.2625758597640933
0.1571712534595043,0.43284222833185665,0.009795231720994169,0.03866490075903581,0.16465870790365453,0.20029228815958933,2016-06-12T01:39:14Z,ls8,qg0651yd85t0,0.03905670593400893,0.4372283723973548,0.15876392560539243
0.20422196955633937,0.32206202431780223,0.8440866828262363,0.016662799331724522,0.27423658808242063,0.1796222387228513,2016-06-13T01:36:18Z,ls7,qg0651yd85t0,0.01676083345479098,0.32395684808051123,0.20542349165942575
0.15502211005260913,0.5901959097587564,0.23667739951521294,0.022657993269823224,0.08271482060761173,0.14629603298734536,2016-06-20T01:42:06Z,ls7,qg0651yd85t0,0.022749853612767018,0.5925886900031865,0.15565060278908943
0.1567593972721682,0.47998831446040297,0.0,0.034911707246481676,0.14417170145797908,0.17816649180565103,2016-06-28T01:39:21Z,ls8,qg0651yd85t0,0.03522370109074556,0.4842778038965099,0.15816030174911444
0.05784863630754041,0.4936993500349664,0.82410911327376,0.01026204286478259,0.24507384096425192,0.19295322719980254,2016-06-29T01:36:19Z,ls7,qg0651yd85t0,0.010265018450249467,0.49384250326774154,0.05786541011795453
0.16597291190671304,0.4898067798020583,5.607611880897867e-05,0.03544739493730882,0.11566438550694749,0.18633330258018882,2016-07-14T01:39:29Z,ls8,qg0651yd85t0,0.03579484093654797,0.49460773644057615,0.1675997345357397
0.07113411548194157,0.47030979219385005,0.8348703013639159,0.008717780187759485,0.22834576664804407,0.22066668857559127,2016-07-15T01:35:55Z,ls7,qg0651yd85t0,0.008730866593431258,0.47101578209030304,0.07124089609263035
0.2714241541049025,0.4385309264888694,0.8268387540248182,0.026842688060839687,0.12868887565681575,0.12793673676183312,2016-07-22T01:42:08Z,ls7,qg0651yd85t0,0.027082284511664768,0.4424452309477083,0.273846872121978
0.17197641166323752,0.5734684622898353,0.12960819073116026,0.03589791549764118,0.04574474717875179,0.16615956938296236,2016-07-30T01:39:33Z,ls8,qg0651yd85t0,0.036208169615300344,0.5784247654430026,0.1734627483799829
0.002777777777777778,0.9205555555555556,0.9999674396729497,0.06611111111111112,0.0,0.0,2016-07-31T01:35:58Z,ls7,qg0651yd85t0,0.06681639528354857,0.9303761931499158,0.002807411566535654
0.20056250116104107,0.5433284724415298,0.8052494482833472,0.009064293808400363,0.07845850903754342,0.16407831918411325,2016-08-07T01:42:09Z,ls7,qg0651yd85t0,0.009118561268121486,0.5465813519947317,0.20176325851549018
0.17750899137910117,0.5690415852449932,0.030803878296733145,0.03366540311427403,0.053517136346075245,0.15941850460347412,2016-08-15T01:39:36Z,ls8,qg0651yd85t0,0.0339609026377496,0.5740363722287373,0.17906708418396386
0.07311981970702391,0.6309103543257794,0.8555225932491588,0.007947414548641544,0.14956804807812696,0.13887567296857392,2016-08-16T01:35:59Z,ls7,qg0651yd85t0,0.00794271170079646,0.6305370158794051,0.07307655137309753
0.21768444407921766,0.5733582052757005,0.6698111501031077,0.015860903388391266,0.06302900813542608,0.12456241268797764,2016-08-23T01:42:11Z,ls7,qg0651yd85t0,0.01596911296574664,0.5772698897205807,0.21916957649026883
0.09989164111537412,0.6644240925946735,0.7746355052277414,0.023458655065577195,0.08560351885444592,0.12229303453036457,2016-08-24T01:33:53Z,ls8,qg0651yd85t0,0.023587567449711844,0.6680753033573299,0.10044057580814778
0.18214810271463233,0.5930608843593296,0.009064433269418637,0.03546093620221647,0.02806452613958515,0.15403178845181442,2016-08-31T01:39:43Z,ls8,qg0651yd85t0,0.03577736089013775,0.5983528795898443,0.18377344492861844
0.10004247983746843,0.567871595969546,0.8237075359068051,0.007475014878203944,0.06632600710049458,0.2565618009809354,2016-09-01T01:36:27Z,ls7,qg0651yd85t0,0.007494085673888383,0.569320390835936,0.10029771540874577
0.1936914559195535,0.6119717057016549,0.19266849969248578,0.024628049176691487,0.02887685437667625,0.1362083220369744,2016-09-08T01:42:14Z,ls7,qg0651yd85t0,0.024765194507928325,0.6153795705180635,0.19477005856035762
0.0843060865486103,0.7009201360384661,0.76863174270106,0.02377835111997186,0.051804073335678824,0.13573355224580744,2016-09-09T01:33:58Z,ls8,qg0651yd85t0,0.02387998317755512,0.7039159684772972,0.08466642276366143
0.1750657125493883,0.6146229124836297,0.020706559096993593,0.03466502762420734,0.030917685218878665,0.13738402173732345,2016-09-16T01:39:46Z,ls8,qg0651yd85t0,0.03497387827473788,0.6200989411892576,0.17662547357980252
0.0898079786735533,0.6943401609896805,0.8262888462790782,0.007815913611229708,0.0686340869094355,0.13790338536514252,2016-09-17T01:36:28Z,ls7,qg0651yd85t0,0.00783070209412726,0.6956539213645555,0.08997790426673914
0.18835191679824126,0.6075426744353933,0.22322998444339925,0.02401686950122725,0.03391133032458187,0.14169542679092903,2016-09-24T01:42:17Z,ls7,qg0651yd85t0,0.024148149989640055,0.6108636109557597,0.18938148193908932
0.07297542789093939,0.6132697950637848,0.767593430049564,0.02123825683574747,0.04171888012826999,0.24733224885000663,2016-09-25T01:33:59Z,ls8,qg0651yd85t0,0.02134228593481205,0.6162737094037141,0.0733328756831974
0.18984470167928355,0.6250472544421536,0.08051083535327952,0.036730492296070116,0.022301263790742692,0.11823053557657502,2016-10-02T01:39:47Z,ls8,qg0651yd85t0,0.03706887973739679,0.6308056346847613,0.19159368621052414
0.07786419753086418,0.6813876117496805,0.8300350927969321,0.009935291613452536,0.04411451681566624,0.18580246913580248,2016-10-03T01:36:31Z,ls7,qg0651yd85t0,0.009946863776376588,0.6821812601662929,0.07795489010586194
0.17153666549390706,0.6431709518087153,0.20821605585905,0.022644740629726257,0.027083894963377913,0.13212508624352887,2016-10-10T01:42:18Z,ls7,qg0651yd85t0,0.022737733242176084,0.6458121897031348,0.1722410958477823
0.06394636306327517,0.5816047029157775,0.7618338699757606,0.020047013967477573,0.0702171452875903,0.26104524429794246,2016-10-11T01:33:40Z,ls8,qg0651yd85t0,0.020141572850741047,0.5843480486977339,0.06424798886599241
0.1329215834847899,0.6712642338241761,0.3172352664520097,0.02969290971423727,0.030597754380759103,0.129305913958553,2016-10-18T01:39:53Z,ls8,qg0651yd85t0,0.029914307343361004,0.6762693448528528,0.13391267946447408
0.06423383705817894,0.6926471037945007,0.8580333562461561,0.006688922300654928,0.058127978389949285,0.17913661731352412,2016-10-19T01:36:05Z,ls7,qg0651yd85t0,0.006681612386100113,0.6918901520887107,0.06416363982171573
0.1802409296279124,0.6870521404350867,0.20407365869541627,0.023074017508931725,0.015538495104589958,0.08904919046190489,2016-10-26T01:42:14Z,ls7,qg0651yd85t0,0.02320476543814592,0.6909452918808328,0.18126225711452665
0.07974313856220831,0.6324416614542878,0.7368275388010563,0.020429591647363687,0.028579873115811033,0.23514815756734278,2016-10-27T01:33:43Z,ls8,qg0651yd85t0,0.020531586392101543,0.6355991267103268,0.08014125621441785
0.16006139430556054,0.6684451539379909,0.0,0.032351814333779545,0.0137151333164502,0.11839115806229876,2016-11-03T01:39:53Z,ls8,qg0651yd85t0,0.03261620882523266,0.6739080072641241,0.16136949253189425
0.0772745167472088,0.6862114647558739,0.8263159798849535,0.010438156140643227,0.03883727712047992,0.18557323779370105,2016-11-04T01:36:00Z,ls7,qg0651yd85t0,0.010460617200821441,0.6876880700870444,0.07744079779795332
0.17916572191030863,0.6970607897186467,0.1974295430700771,0.02260119411193278,0.014400115399265683,0.08211378998685981,2016-11-11T01:42:07Z,ls7,qg0651yd85t0,0.02271833018873011,0.7006734734464407,0.18009429097870377
0.06636289022861577,0.5790539007938876,0.7575630404109837,0.01836663582641915,0.08867068584731093,0.24410553333731272,2016-11-12T01:33:41Z,ls8,qg0651yd85t0,0.01846182911667015,0.5820551061626986,0.06670684553600749
0.14872632976606537,0.5196875203507935,2.8942512933727294e-05,0.029608342197234454,0.10413093971823648,0.19180577564561763,2016-11-19T01:39:53Z,ls8,qg0651yd85t0,0.029864590108383864,0.5241852001145982,0.1500134944131638
0.037492627187438995,0.3303042633866642,0.8239625918020332,0.005360625584430264,0.28712352415302567,0.3394370973211258,2016-11-20T01:36:17Z,ls7,qg0651yd85t0,0.005364674701899668,0.3305537567978403,0.03752094702610847
0.1532635581106695,0.6560900707535543,0.19261604138779354,0.01941786269598376,0.040397635872365785,0.12769246624755232,2016-11-27T01:42:03Z,ls7,qg0651yd85t0,0.019491394596663405,0.6585745640613337,0.1538439392220847
0.04993450472017706,0.6046925335381002,0.7997630331753555,0.018687745607299338,0.09562310854148787,0.2272731379014409,2016-11-28T01:33:42Z,ls8,qg0651yd85t0,0.01879290786335721,0.6080953426507937,0.050215503042920454
0.1439430541230118,0.5481511318603768,0.00034369234108755364,0.029189312921846445,0.13667372382968712,0.13608562691131498,2016-12-05T01:39:51Z,ls8,qg0651yd85t0,0.029430390287490324,0.5526783652076442,0.14513189376386332
0.051256376214101035,0.4320307056509977,0.818789117615137,0.005323377621609751,0.17670722820607523,0.3331103946015552,2016-12-06T01:35:51Z,ls7,qg0651yd85t0,0.005340503557771902,0.43342059958883006,0.05142127404576762
0.10325,0.561875,0.9991317246119894,0.030416666666666665,0.25,0.04583333333333333,2016-12-13T01:41:59Z,ls7,qg0651yd85t0,0.030793845723756468,0.5688424788833644,0.10453034205954592
0.16922140767951577,0.48137979435024625,0.3234072573351181,0.028259650192228508,0.09242207927621553,0.22143174149943587,2016-12-21T01:39:46Z,ls8,qg0651yd85t0,0.028562924113458114,0.486545815049025,0.17103744006186541
0.032957490430549526,0.3200757476290992,0.8208946854310626,0.004654540312888207,0.12302424934099562,0.5196186359366952,2016-12-22T01:36:09Z,ls7,qg0651yd85t0,0.00465023743372081,0.31977985433483574,0.03292702295375259
0.15904597166005432,0.5411613318571552,0.18796895915487866,0.01883940326170008,0.0950642337945276,0.1823139313933621,2016-12-29T01:41:52Z,ls7,qg0651yd85t0,0.018933073503277845,0.5438520069270316,0.15983675438180087
0.05236586559131815,0.43968918177640065,0.7559748200137477,0.015554476583000992,0.1147054899111948,0.37508710026537784,2016-12-30T01:33:59Z,ls8,qg0651yd85t0,0.015634082565682005,0.44193945932207995,0.05263386793566541
0.1697687852639806,0.5463941701033621,0.27319742411634895,0.02625785545221272,0.14702917686060663,0.10433782737791539,2017-01-14T01:41:42Z,ls7,qg0651yd85t0,0.026477567308171267,0.5509661077247273,0.1711893207285794
0.054109422268132513,0.40001593743082714,0.7548388263811006,0.014801446174278756,0.2042499815538995,0.32428244669076955,2017-01-15T01:33:31Z,ls8,qg0651yd85t0,0.014881644211529377,0.40218332652735117,0.05440260101645037
0.0540997992117201,0.6594428497062544,0.8783781339314786,0.022061128876329293,0.12117200862645944,0.13759202796162712,2017-01-22T01:39:39Z,ls8,qg0651yd85t0,0.022230040968023633,0.6644919055238955,0.05451401691999432
0.05641629711751663,0.45386297117516633,0.8368365833363481,0.009113082039911307,0.2183370288248337,0.2601219512195122,2017-01-23T01:35:48Z,ls7,qg0651yd85t0,0.009150781868449543,0.45574055288881943,0.05664968519838518
0.11653428091803512,0.4301144239369412,0.1788900546289932,0.028750126672629456,0.1933905526451448,0.22741371941682123,2017-01-30T01:41:33Z,ls7,qg0651yd85t0,0.028939840740127395,0.43295262906152227,0.1173032581363844
0.015667304472614205,0.10443673762257832,0.9394956767121305,0.007686857211193495,0.7849796699354221,0.08568524276488879,2017-01-31T01:33:25Z,ls8,qg0651yd85t0,0.007779742954045191,0.10569872073070148,0.015856623614942403
0.29532871012482664,0.5523717059639389,0.9869577801092579,0.13442163661581139,0.00041608876560332873,0.0015256588072122053,2017-02-07T01:39:31Z,ls8,qg0651yd85t0,0.136602801413252,0.5613346508475385,0.30012080016639403
0.11584345404393047,0.29389591644270496,0.18289135704207515,0.043650296426499945,0.22102702152246775,0.3215840111220817,2017-02-15T01:41:29Z,ls7,qg0651yd85t0,0.04403533089584336,0.29648834003415203,0.11686529642545516
0.045191850101228455,0.27296700194390894,0.7757371296262798,0.016830218508271697,0.16591787186332949,0.49662437387579955,2017-02-16T01:33:17Z,ls8,qg0651yd85t0,0.016954247886769788,0.27497861739530377,0.04552488897879737
0.12386242873494706,0.3248396970572424,0.010705111971346937,0.05016403304431142,0.08977111072916172,0.4056887705658418,2017-02-23T01:39:26Z,ls8,qg0651yd85t0,0.05073458429396752,0.3285343301209398,0.12527120429008912
0.037011899928163165,0.4767275718108089,0.8262526681379111,0.011606334134990785,0.05813578203246192,0.4167057084257322,2017-02-24T01:35:48Z,ls7,qg0651yd85t0,0.011602196243740932,0.476557608855666,0.036998704442398944
0.14257654362367206,0.4630738646575635,0.25522593249158854,0.050945434585136715,0.010349115674016215,0.3284514458644827,2017-03-03T01:41:38Z,ls7,qg0651yd85t0,0.05130262871116743,0.46632061808544145,0.14357619166489216
0.05451532393326325,0.5877061849465127,0.7745939003653992,0.022291648275806725,0.008811562567711803,0.3232591546357005,2017-03-04T01:33:35Z,ls8,qg0651yd85t0,0.022406245060588553,0.5907274617205751,0.05479557601542407
0.10378206524106093,0.4870042879032035,0.08624507072826593,0.042504563073353624,0.05113017725708811,0.309455559030926,2017-03-11T01:39:18Z,ls8,qg0651yd85t0,0.04291554356135574,0.4917131766772433,0.10478554347338694
0.048343803482306644,0.6189594072495105,0.8234886581527441,0.009954293444286168,0.05405876264360159,0.2677625308724213,2017-03-12T01:35:55Z,ls7,qg0651yd85t0,0.009967833225001164,0.6198013127742519,0.04840956048472403
0.18066642210809486,0.6247273171924678,0.98520675807677,0.0453081438004402,0.09867938371239912,0.04084128148691612,2017-03-19T01:41:44Z,ls7,qg0651yd85t0,0.04582888813686533,0.6319075542304478,0.18274289243337155
0.06366627039435926,0.6794182995818644,0.9117470424369596,0.023643723866524555,0.060609166188406983,0.1678281544642125,2017-03-20T01:33:01Z,ls8,qg0651yd85t0,0.02379280259083116,0.6837021769416246,0.06406769981492479
0.1576564958804552,0.5755544905517637,0.014871024926739307,0.045036549828405846,0.015560072640603453,0.1987443972537592,2017-03-27T01:39:09Z,ls8,qg0651yd85t0,0.04546755915422303,0.5810626689954709,0.15916530195594358
0.10458127306369497,0.7481237520776927,0.8269617597047864,0.011935207351111763,0.015827052342173763,0.11682120866829049,2017-03-28T01:35:59Z,ls7,qg0651yd85t0,0.011972636088591079,0.7504698636025962,0.10490923929834854
0.16217239174149747,0.6682038899871372,0.25606707427372377,0.033370171253778017,0.008695208152487107,0.12439545689963308,2017-04-04T01:41:47Z,ls7,qg0651yd85t0,0.03349236673426732,0.6706507307534266,0.16276623746018584
0.08764787388508609,0.789360132752541,0.7819814767917225,0.024533665214685748,0.004057249533291848,0.08998962870773698,2017-04-05T01:32:54Z,ls8,qg0651yd85t0,0.024653714058239417,0.7932226526921866,0.08807675500854513
0.17060378262778253,0.6669267357517127,0.10172207951955425,0.04465188305751674,0.005104855956470782,0.10531106394461383,2017-04-12T01:39:01Z,ls8,qg0651yd85t0,0.04502652087561679,0.6725223783093349,0.17203518091396364
0.08706363868008662,0.682238342464008,0.8864151079917514,0.00968961014141929,0.06609122181169576,0.15401643521467703,2017-04-13T01:35:41Z,ls7,qg0651yd85t0,0.00970081428378704,0.6830272179095772,0.08716431078026289
0.1835509858378144,0.3777334593945124,0.6326543902174306,0.045205243357166795,0.1471419567058638,0.23811282475526405,2017-04-28T01:38:51Z,ls8,qg0651yd85t0,0.04582057655643679,0.3828751624532506,0.18604947952918477
0.05250042659118512,0.46556074156604116,0.8197840164972323,0.006017244321318518,0.24750318688708883,0.22812089092314333,2017-04-29T01:35:47Z,ls7,qg0651yd85t0,0.006020660200655977,0.46582503186780155,0.05253023012131023
0.13861011447325333,0.39205119624430185,0.2432419232299844,0.030920805734897246,0.13255615499903192,0.30216492849305965,2017-05-06T01:42:00Z,ls7,qg0651yd85t0,0.031124352167389797,0.39463200293589146,0.1395225614046272
0.0595976880637534,0.5354989053332165,0.7934409030064036,0.01873605394517909,0.12071109554251686,0.26266748401786494,2017-05-07T01:33:05Z,ls8,qg0651yd85t0,0.01882117584839048,0.5379317914747141,0.05986845311651365
0.14181355797988657,0.4526691803365233,0.10910061141058569,0.04074681172044257,0.10989488474275493,0.24874367267876396,2017-05-14T01:38:57Z,ls8,qg0651yd85t0,0.04114014208561408,0.4570388113944136,0.14318248909845346
0.05963802924672675,0.596882970583234,0.8297890814369957,0.006852257269171908,0.07409454174460126,0.26380505016153716,2017-05-15T01:35:51Z,ls7,qg0651yd85t0,0.00683910948433797,0.595737699972398,0.05952359863712548
0.15400851825273304,0.436641720798889,0.6118121630910605,0.021882449976234626,0.14686996150942694,0.23561729373060328,2017-05-22T01:42:02Z,ls7,qg0651yd85t0,0.022060360188030478,0.44019173558748,0.15526064898445946
0.06503426442921582,0.5798177600809955,0.7605857241054954,0.019674960144462156,0.09018307102974621,0.2425936699583689,2017-05-23T01:33:17Z,ls8,qg0651yd85t0,0.01975478999598314,0.5821703323533985,0.06529813666250328
0.15469137947914618,0.44116421088701796,0.2609529322383416,0.038683351282553353,0.044380262384961816,0.3142084393969062,2017-05-30T01:39:07Z,ls8,qg0651yd85t0,0.039102310255540694,0.44594222774915465,0.1563667602134366
0.07585101292072101,0.5854800517537795,0.8979396548605333,0.00839545559277574,0.07862320767090268,0.2524414668297265,2017-05-31T01:35:54Z,ls7,qg0651yd85t0,0.008385537454045716,0.5847883832299233,0.07576140481540176
0.21396442000192092,0.4678005997588158,0.49149271010455486,0.04568308829545414,0.07143390736109678,0.19504256295511058,2017-06-07T01:42:07Z,ls7,qg0651yd85t0,0.046064619320928195,0.4717075256958068,0.2157513846670576
0.12975732867404388,0.5019351150801356,0.9161408776817047,0.028052158156992177,0.09335835544338747,0.24085938005565263,2017-06-08T01:33:01Z,ls8,qg0651yd85t0,0.028308877901839898,0.5065285817914076,0.1309448048077124
0.17285636462683857,0.7854194661340113,0.9800766976592743,0.016405483929544218,0.001180315961503541,0.01725077174505175,2017-06-16T01:36:23Z,ls7,qg0651yd85t0,0.016521413485273834,0.7909696425360819,0.17407785627208883
0.027043824701195218,0.026127490039840637,0.997729821641764,0.0026374501992031877,0.0,0.9434262948207172,2017-06-23T01:42:11Z,ls7,qg0651yd85t0,0.0026736002875988895,0.026485605265972077,0.027414499625711873
0.07494419872861877,0.609640462262805,0.7717846677037734,0.019011667538561528,0.08248125426039536,0.21031689415196334,2017-06-24T01:33:30Z,ls8,qg0651yd85t0,0.01910909130684353,0.612764516005611,0.07532824427518685
0.17243167014008942,0.5727277366055157,0.032207590174016865,0.03721256413371589,0.013124865657972206,0.19714587441473602,2017-07-01T01:39:19Z,ls8,qg0651yd85t0,0.037562504572200915,0.5781135679758049,0.17405318737928596
0.17511509220781707,0.6879583101936078,0.8110813646394848,0.005805836955897278,0.02095022884390739,0.10741301059001512,2017-07-02T01:36:25Z,ls7,qg0651yd85t0,0.005824262667797478,0.6901416511518997,0.1756708467463803
0.08721028736961262,0.643924950401051,0.702764009985167,0.008221497340522646,0.056597572998697644,0.2022663372241629,2017-07-09T01:42:12Z,ls7,qg0651yd85t0,0.008241283404487805,0.6454746365141389,0.08742016985851278
0.1780598366659054,0.6646258042668471,0.7703067906370971,0.02313815670307689,0.031028752785893732,0.09581899369187032,2017-07-10T01:33:34Z,ls8,qg0651yd85t0,0.023334001355481075,0.6702512916937772,0.1795669604729779
0.15387057249430677,0.5507281471323102,0.13339061539018127,0.02857582987356991,0.07032243116479746,0.18974741117853214,2017-07-17T01:39:23Z,ls8,qg0651yd85t0,0.028839132943082862,0.5558026598323329,0.1552883648812547
0.14465927577273005,0.7341129923078468,0.8198654173148584,0.004331606113554658,0.03975618083589404,0.07649976903456449,2017-07-18T01:36:01Z,ls7,qg0651yd85t0,0.004334746163187101,0.7346451624016267,0.1447641415647277
0.17652305384008768,0.5952421114081176,0.2935060236605044,0.021833681547710492,0.054946180395530564,0.1472690775391485,2017-07-25T01:42:11Z,ls7,qg0651yd85t0,0.021948844900925097,0.5983817595418739,0.1774541376225219
0.16339078327334797,0.6597070609624873,0.8049925834810607,0.022845534488516197,0.036009795554895925,0.11162851100144706,2017-07-26T01:33:40Z,ls8,qg0651yd85t0,0.023018867401765255,0.6647123694101879,0.16463045663170386
,,1.0,,,,2017-08-02T01:39:30Z,ls8,qg0651yd85t0,,,
0.13948575894579593,0.6943755997665239,0.8171538656343837,0.005101750081617712,0.0615545948298889,0.09782253836032488,2017-08-03T01:36:23Z,ls7,qg0651yd85t0,0.005111843100612307,0.6957493138853473,0.1397617098238266
0.18871643663739024,0.5771264115432873,0.2503165587352122,0.02255240806871924,0.06032477560081073,0.14659781874336453,2017-08-10T01:42:09Z,ls7,qg0651yd85t0,0.022686343100945097,0.5805538701230057,0.1898371924318739
0.14873942173336682,0.7014646555121636,0.7475579754712203,0.021860341800723736,0.015183977643223103,0.10628784350256171,2017-08-11T01:33:23Z,ls8,qg0651yd85t0,0.0220223711137352,0.7066639262861777,0.1498418814543023
0.19597108240614658,0.5664109798533676,0.11523823305958536,0.03553840209031024,0.03063702940418798,0.1629538308042706,2017-08-18T01:39:36Z,ls8,qg0651yd85t0,0.035916477317780054,0.572436742055767,0.19805592041799436
0.14297443371591667,0.7485212849942309,0.8212763648203756,0.004200623469160543,0.013511872229307099,0.08889496164045262,2017-08-19T01:35:58Z,ls7,qg0651yd85t0,0.004209519166094803,0.7501064350437501,0.14327721192039553
0.1419310479321344,0.5538203067322294,0.3507018559386419,0.022196241764058548,0.04110100433214002,0.23588014876931007,2017-08-26T01:42:09Z,ls7,qg0651yd85t0,0.022353025771750773,0.5577322377768541,0.14293358334994508
0.12742440304911912,0.7173607955979606,0.7491715205672733,0.02192279122765265,0.001269264331508766,0.12570043919430562,2017-08-27T01:33:51Z,ls8,qg0651yd85t0,0.02208270968839865,0.7225936709668073,0.12835391581897979
0.2010943721060882,0.58629173349281,0.0018360406642307092,0.034911735123820904,0.0073993530323212,0.16158425530758147,2017-09-03T01:39:39Z,ls8,qg0651yd85t0,0.03528189265788638,0.5925079900478901,0.2032265089543208
0.18635490364111046,0.7450857962811648,0.818468941065808,0.004292903122944776,0.0015046734559658807,0.05941965442334137,2017-09-04T01:36:22Z,ls7,qg0651yd85t0,0.004308235669221306,0.747746947051236,0.18702048940023552
0.20830099006497302,0.6571812082459579,0.3685684309540176,0.024346918078998945,0.005892834633939519,0.09896066096004216,2017-09-11T01:42:08Z,ls7,qg0651yd85t0,0.02449240894689411,0.6611083527018539,0.20954574275727025
0.17252829928216457,0.733430041720351,0.7641329908469303,0.023046889379716547,0.0031366955027915823,0.06004202711822811,2017-09-12T01:33:28Z,ls8,qg0651yd85t0,0.02324079094736069,0.7396006460263727,0.17397984040524694
0.18187852296426998,0.6346120405816137,0.013832712275243297,0.03463458388438166,0.010253625913242219,0.13047051119552877,2017-09-19T01:39:41Z,ls8,qg0651yd85t0,0.03496625853787156,0.640689339773747,0.1836202645796105
0.1324745438768,0.8260588319291733,0.8353189103143881,0.004874284647239095,0.015213260251101176,0.019475169982095586,2017-09-20T01:36:20Z,ls7,qg0651yd85t0,0.004883917325406307,0.8276913091952812,0.13273634324611588
0.1853081746888404,0.693814799071536,0.2425093158713505,0.020393666001203566,0.01098491723103669,0.08566563822369112,2017-09-27T01:42:08Z,ls7,qg0651yd85t0,0.020480562604502817,0.696771116457263,0.18609776548350643
0.15006625212301558,0.7804757660401723,0.7422560688831807,0.023226702974327308,0.005025055093131957,0.03396123127886248,2017-09-28T01:33:58Z,ls8,qg0651yd85t0,0.02340313703522538,0.78640439521269,0.15120618138009015
0.2941456872437445,0.6494451469517569,0.9527929524981007,0.02733992412921027,0.0015710618078706364,0.015365750852588421,2017-10-13T01:42:10Z,ls7,qg0651yd85t0,0.02768155476138922,0.6575603982988385,0.29782123427931323
0.053782250637338005,0.5046819983716181,0.8644748742809595,0.015919301664419856,0.27707852271058847,0.1443120086491104,2017-10-14T01:34:03Z,ls8,qg0651yd85t0,0.016036424905232907,0.5083951003955217,0.05417794333954639
0.13406985999059368,0.4009620310408452,0.0,0.030517148438913226,0.10185412973481422,0.32707933866357947,2017-10-21T01:39:50Z,ls8,qg0651yd85t0,0.030814873507172044,0.4048738135686193,0.13537784452581492
0.1419041485683488,0.4673275464390275,0.2079049238450128,0.02573039558241187,0.04410051931324591,0.3179297808105306,2017-10-29T01:42:11Z,ls7,qg0651yd85t0,0.02585227211306496,0.46954112531138437,0.14257630245177424
0.05302714523789136,0.41640254787139447,0.7253843927499005,0.014377754210772463,0.07299770111913999,0.4406407883382846,2017-10-30T01:34:03Z,ls8,qg0651yd85t0,0.014453655674165672,0.4186007745402312,0.05330708032817858
0.3713307839388146,0.523847036328872,0.9952697080424008,0.053854684512428294,0.005353728489483747,0.030592734225621414,2017-11-06T01:39:49Z,ls8,qg0651yd85t0,0.0547070820462549,0.5321383470274996,0.3772081082111404
0.036121545797002184,0.6251026053054451,0.7939962374733186,0.010066910776849923,0.0054266220594821,0.3225678986328074,2017-11-07T01:36:23Z,ls7,qg0651yd85t0,0.010077624425396246,0.6257678669499642,0.0361599879323501
0.13142405360410178,0.534103938096972,0.21008103903621433,0.02207518955397852,0.08019776359510217,0.22913875740525735,2017-11-14T01:42:08Z,ls7,qg0651yd85t0,0.022173439030777176,0.5364810607189914,0.13200897924987204
0.15025375696714557,0.5704444319820251,8.501863174270596e-05,0.032791869356860764,0.04432380018560964,0.19617817802244322,2017-11-22T01:39:45Z,ls8,qg0651yd85t0,0.03305333578439911,0.5749928786142167,0.1514518073933313
0.04619777479869869,0.5994222673827843,0.7881534676748309,0.005637888193454185,0.07417622296414574,0.2754860690102721,2017-11-23T01:36:18Z,ls7,qg0651yd85t0,0.005629921901641362,0.5985752884188135,0.04613249770512723
0.1627075451478838,0.6866446828931919,0.22351579175861946,0.02696544719235141,0.02392744655869691,0.09547915463033714,2017-11-30T01:42:02Z,ls7,qg0651yd85t0,0.02709701682925107,0.6899949552236638,0.163501426758051
0.09095146782803704,0.709623963013821,0.777372381607033,0.020748173848041406,0.03337856394172564,0.1401769681408595,2017-12-01T01:33:30Z,ls8,qg0651yd85t0,0.02087753645236671,0.7140483911403366,0.09151854032471145
0.16602186334403385,0.6672158369235389,0.011624036756991418,0.03460702350318636,0.012697796827930029,0.1125158768214878,2017-12-08T01:39:41Z,ls8,qg0651yd85t0,0.03488383362491635,0.6725526754708349,0.16734981725483092
0.07307514868784588,0.7939040995670622,0.7898357512391013,0.007883511357083225,0.020682888202232685,0.10456779391132955,2017-12-09T01:36:11Z,ls7,qg0651yd85t0,0.007882489117741176,0.7938011555910048,0.07306567317769169
0.1446816763663858,0.5286602800123988,0.3755670923627944,0.022083233149574593,0.1058664712238448,0.19570450667585942,2017-12-16T01:41:54Z,ls7,qg0651yd85t0,0.022178619879919165,0.5309437851147484,0.14530661710562834
0.059241571857332316,0.5197715502198647,0.7408378857494302,0.016056536609199413,0.18828086829064006,0.21389683813778182,2017-12-17T01:33:56Z,ls8,qg0651yd85t0,0.016130809901679567,0.5221758759665655,0.05951560770333304
0.07385785123966941,0.8757950413223141,0.9945280561484751,0.02656198347107438,0.007933884297520661,0.004297520661157025,2017-12-24T01:39:44Z,ls8,qg0651yd85t0,0.02687635042128316,0.8861602693727076,0.07473197524733147
0.0,0.0,0.9999674396729497,0.0,0.0,1.0,2017-12-25T01:36:01Z,ls7,qg0651yd85t0,0.0,0.0,0.0
0.15705932530414113,0.46230337167396696,0.19841358850982238,0.024725105103885286,0.15502794871968462,0.19596599666465825,2018-01-01T01:41:42Z,ls7,qg0651yd85t0,0.024913905932637523,0.4658335188397835,0.15825862984323605
0.04621722161668014,0.34643226328188176,0.7427643717665786,0.011418867128441337,0.21919763721388136,0.37455785661544955,2018-01-02T01:33:54Z,ls8,qg0651yd85t0,0.011480364681746052,0.34829801198865024,0.04646612950027292
0.21252858512257927,0.6564015638019935,0.7112785355088456,0.03716761376095635,0.012261059701399027,0.07092243015832242,2018-01-09T01:39:38Z,ls8,qg0651yd85t0,0.037607290671998035,0.6641665124433445,0.21504270702493603
0.043367975475261715,0.6807415316572228,0.8094081256105061,0.004202898550724638,0.023509201522356044,0.2498694987804068,2018-01-10T01:35:48Z,ls7,qg0651yd85t0,0.004193139624689462,0.6791608829272244,0.043267277145323337
0.16211344940789227,0.6569088122205705,0.37570456929922935,0.014621077123228531,0.0782474653963949,0.08246625116262897,2018-01-17T01:41:29Z,ls7,qg0651yd85t0,0.01472004742103921,0.6613554381587268,0.16321079786121012
0.06063132862260393,0.5296751717295648,0.7611537209218191,0.016274812744719362,0.10200016661743878,0.28800581646331763,2018-01-18T01:33:23Z,ls8,qg0651yd85t0,0.016366376916682492,0.5326551917930572,0.0609724482095039
0.04214313256728619,0.5559890491247012,0.9765439021743063,0.015665149996144052,0.21215392920490475,0.17151230045500115,2018-01-25T01:39:30Z,ls8,qg0651yd85t0,0.015729884216851293,0.5582866024724639,0.04231728365077895
0.05612949373732799,0.6107561520331812,0.8242411634890199,0.004190792791494705,0.05477393658079722,0.27501209308069946,2018-01-26T01:35:33Z,ls7,qg0651yd85t0,0.004185406779698963,0.6099712075124574,0.05605735604634698
0.0,0.0,0.9999547773235411,0.466,0.0,0.52,2018-02-11T01:34:55Z,ls7,qg0651yd85t0,0.48,0.0,0.0
0.01710295627451497,0.19655382104404134,0.9312850475742557,0.005180982967857425,0.5909126806539079,0.1890383552267881,2018-02-18T01:41:02Z,ls7,qg0651yd85t0,0.005209658213028072,0.19764168970576676,0.01719761620050916
,,1.0,,,,2018-02-19T01:33:32Z,ls8,qg0651yd85t0,,,
0.10110365037444373,0.20024074744039647,0.0,0.0444327991027821,0.6136572482905829,0.0355233168119822,2018-02-26T01:39:16Z,ls8,qg0651yd85t0,0.04508073294336675,0.20316072455528578,0.10257797739878238
0.05400657223527178,0.14511412437421406,0.8475199884229948,0.010252687023987473,0.7315585925451397,0.05741808432391392,2018-02-27T01:34:45Z,ls7,qg0651yd85t0,0.01033348197978625,0.14625767720452693,0.05443216394663324
0.09650606334761948,0.22485347368513736,0.17823703918092693,0.04694490487291072,0.5741942868715152,0.05302595055548585,2018-03-06T01:40:51Z,ls7,qg0651yd85t0,0.047515339217705975,0.22758570084128468,0.09767872251400828
0.03634676637584822,0.14315685154410743,0.7910061141058573,0.014569657942113283,0.7697773854036837,0.03377302312699072,2018-03-07T01:33:24Z,ls8,qg0651yd85t0,0.014748055021290951,0.14490972482920497,0.036791811618829676
0.09593145898582472,0.2468186541629704,0.0008140081762598728,0.04623451671886597,0.41460615167369697,0.19125405072686785,2018-03-14T01:39:07Z,ls8,qg0651yd85t0,0.046847257352768026,0.25008971287285764,0.09720282737380959
0.03490718854282536,0.20795351316277347,0.8438840852357006,0.011404917500926955,0.6040739710789766,0.14000509825732296,2018-03-15T01:34:58Z,ls7,qg0651yd85t0,0.011479165410126512,0.20930732510939942,0.03513444014417441
0.0960806310488911,0.2908374924109854,0.18958069534387323,0.03951267365451235,0.31929216813685224,0.2502254383772008,2018-03-22T01:40:39Z,ls7,qg0651yd85t0,0.03988809073576561,0.29360079219359775,0.0969935105565836
0.019012426422498365,0.09820928711576195,0.9446836221554936,0.007661870503597121,0.7674296926095487,0.10663832570307391,2018-03-23T01:32:52Z,ls8,qg0651yd85t0,0.007726191903866649,0.09903375404766745,0.01917203573584324
0.1026390703975438,0.31316389525958716,0.017246119894359868,0.04406916430756545,0.1823882816785266,0.3524110689397481,2018-03-30T01:39:00Z,ls8,qg0651yd85t0,0.04457979189815922,0.31679251240742606,0.10382834507613999
0.040456357146287196,0.2746184751812783,0.8869921493433668,0.011780609223184418,0.3190978502713172,0.35228018503993724,2018-03-31T01:34:44Z,ls7,qg0651yd85t0,0.011844278711670533,0.2761026783758991,0.040675007601175935
0.10359473574077617,0.44079678463463173,0.18740638905973006,0.03760479321843736,0.07765939922264914,0.3372171195277126,2018-04-07T01:40:25Z,ls7,qg0651yd85t0,0.03780685032826564,0.4431652626051794,0.10415136831619323
0.038544651958182755,0.37078504216263575,0.7852700698238124,0.016473501983876267,0.11043999090196871,0.4612364898447438,2018-04-08T01:33:09Z,ls8,qg0651yd85t0,0.01657100841118393,0.3729797136293212,0.03877279721278243
0.14193271612070305,0.5201371899913093,0.2798125972287544,0.053208668438264516,0.05124405350962239,0.22625799353986345,2018-04-15T01:38:51Z,ls8,qg0651yd85t0,0.053745708866002925,0.5253869868231861,0.14336525726132518
0.004753820033955858,0.4425806451612904,0.9989345537426287,0.009117147707979627,0.0,0.5382003395585738,2018-04-16T01:34:05Z,ls7,qg0651yd85t0,0.009223969412573772,0.4477661725269518,0.004809518501900662
0.06316998841677546,0.46202481200242695,0.6064614160124453,0.01459297835959477,0.1161218261045432,0.3425187078269503,2018-04-23T01:40:09Z,ls7,qg0651yd85t0,0.014635468389025715,0.46337007870371705,0.06335391897576355
0.04505061122468404,0.695617142431491,0.7814424224883325,0.022197512063100576,0.024887645564172386,0.20957930195409816,2018-04-24T01:32:35Z,ls8,qg0651yd85t0,0.02227513812828198,0.6980497583699884,0.045208155983459175
0.14746326086956515,0.6139180978260868,0.6671611012626171,0.0341104891304348,0.042597826086956524,0.15419021739130434,2018-05-01T01:38:42Z,ls8,qg0651yd85t0,0.03444152543768103,0.6198760651621413,0.1488943659219167
0.16228847997652526,0.6690949259760953,0.46984371043015805,0.03778883653324507,0.029063637697428354,0.09717108922106858,2018-05-09T01:39:51Z,ls7,qg0651yd85t0,0.03798852685224828,0.6726306733414329,0.16314607288782187
0.04572805539958824,0.7095638303302537,0.787370210918563,0.02184514998383612,0.029613938373062462,0.19108263998774946,2018-05-10T01:32:26Z,ls8,qg0651yd85t0,0.021906046612475336,0.7115418458212626,0.04585552920545008
0.1313702360130422,0.6660321305953233,0.16227705220505773,0.045656345144782035,0.02518624084990607,0.12591608905011767,2018-05-17T01:38:32Z,ls8,qg0651yd85t0,0.045972557401238595,0.6706450167608772,0.1322800959378606
0.03355225142696075,0.7835811429779437,0.845978799609276,0.005908674512014658,0.04069480656754281,0.13842106499424517,2018-05-18T01:33:32Z,ls7,qg0651yd85t0,0.005893182511804073,0.7815266654115554,0.033464280514852604
0.09644162656922686,0.48918291668174085,0.0,0.037743297999348786,0.19824897796751204,0.17412720234434353,2018-06-02T01:38:19Z,ls8,qg0651yd85t0,0.03800098640068747,0.49252276164611275,0.09710007164134418
0.03413568159566475,0.5269340148910494,0.8411092218081835,0.007717730367267014,0.19307133586830302,0.23920171224299278,2018-06-03T01:33:17Z,ls7,qg0651yd85t0,0.00770334105509724,0.5259515734643189,0.03407203736928813
0.10248034126985872,0.4573031443013235,0.17439130277486348,0.03038285500193903,0.27113162859077194,0.1352064906126688,2018-06-10T01:39:20Z,ls7,qg0651yd85t0,0.03056281187928149,0.4600117391928208,0.1030873297244571
0.04531707879582849,0.3202285388934133,0.749012336746138,0.014580219241663125,0.40528716910148394,0.2119840577725566,2018-06-11T01:32:12Z,ls8,qg0651yd85t0,0.014680058233672647,0.32242132447543265,0.045627390416854256
0.043986422498643304,0.4054012066525499,0.8300007235628233,0.012812117600740587,0.4083784675299801,0.12670915842901073,2018-06-18T01:38:28Z,ls8,qg0651yd85t0,0.012887311280700054,0.4077804861392174,0.0442445766210917
0.12055949269183641,0.5809881979098235,0.223533880829203,0.022568760104928177,0.12334651924537444,0.15035434226527447,2018-06-26T01:39:02Z,ls7,qg0651yd85t0,0.022636788606290176,0.582739457448631,0.12092289243443004
0.052290300286322804,0.49698853298353995,0.7435005969393292,0.016627667527045514,0.22297211526255659,0.208804073400189,2018-06-27T01:32:46Z,ls8,qg0651yd85t0,0.016695755575455516,0.4990236337719072,0.052504421989891734
0.14842878751691743,0.6207835363426477,0.8863915921999928,0.021055170766658717,0.0719687922936072,0.12995780590717299,2018-07-04T01:38:37Z,ls8,qg0651yd85t0,0.02126314428149226,0.6269153571402458,0.14989490037748168
0.058171438309475125,0.3910787321063395,0.9893853333815709,0.0037764144512610776,0.15047716428084526,0.3960463531015678,2018-07-05T01:32:40Z,ls7,qg0651yd85t0,0.003780164783853852,0.3914671098477893,0.05822920798594371
0.13386855133484477,0.6606354277518158,0.21808183495531996,0.0239175958913617,0.03747281728589275,0.14202794614352474,2018-07-12T01:38:43Z,ls7,qg0651yd85t0,0.023978313584894145,0.6623125302340681,0.13420839275162016
0.06537561146051711,0.6274320246490059,0.7722079519554286,0.01959945365605743,0.08947176164157296,0.19538942887999491,2018-07-13T01:32:55Z,ls8,qg0651yd85t0,0.01967460761603696,0.6298379081036078,0.06562629375878731
0.1287400806642942,0.6146653001186241,0.04693209362902939,0.03468693712930011,0.0365570581257414,0.17985100830367734,2018-07-20T01:38:44Z,ls8,qg0651yd85t0,0.03493210703804411,0.6190098011904956,0.12965002534204145
0.062223521159691375,0.7135124950143723,0.8684761766940414,0.006835880014853733,0.08373103742315256,0.1348663851792763,2018-07-21T01:32:23Z,ls7,qg0651yd85t0,0.006825665844122987,0.7124463647682648,0.06213054678518331
0.12597402508629826,0.6633683538968068,0.20609782569371582,0.02501687230140014,0.02537111088326099,0.15780671474304203,2018-07-28T01:38:27Z,ls7,qg0651yd85t0,0.025092532561062315,0.6653746247568413,0.12635501705579338
0.06397804564195488,0.7202608611920831,0.7933558843746609,0.022033666850495022,0.04540560413876415,0.14527692428897818,2018-07-29T01:33:01Z,ls8,qg0651yd85t0,0.022116877253331012,0.7229809348327284,0.06421965948619827
0.13025765373592493,0.5428760964104075,0.16559096993596467,0.031097147490233665,0.07874643924054475,0.21110480014221358,2018-08-05T01:38:53Z,ls8,qg0651yd85t0,0.031358466126713086,0.5474380467094113,0.13135224778111734
0.06277335606261303,0.7080363745263133,0.8429524981006475,0.007571614508344948,0.060286342851219206,0.16138172519840127,2018-08-06T01:32:30Z,ls7,qg0651yd85t0,0.0075711338476735866,0.7079914270136325,0.06276937108907332
0.1391898900853652,0.7005002287563465,0.18947396982743026,0.02130025107403895,0.029760642749539698,0.1068749651286057,2018-08-13T01:38:09Z,ls7,qg0651yd85t0,0.02135898258929423,0.7024317289874247,0.13957368054513553
0.07191247589378431,0.719774439994066,0.7561231503925329,0.0211704494882065,0.06079216733422341,0.12313454977006379,2018-08-14T01:33:11Z,ls8,qg0651yd85t0,0.021254206396008668,0.7226220923994873,0.07219698410021691
0.1639867162714263,0.654600308888534,0.5244781303136645,0.034299561013093526,0.034727135781617326,0.10420423162075183,2018-08-21T01:39:01Z,ls8,qg0651yd85t0,0.034628608983950926,0.6608801240523542,0.1655598995613256
0.06178549043044765,0.6876626386601169,0.8759035490756485,0.005396848534320656,0.1110884363657566,0.13397373292713147,2018-08-22T01:32:11Z,ls7,qg0651yd85t0,0.005397512397809951,0.6877472276782921,0.0617930906310099
0.043095628202127374,0.3025102077969363,0.9304457146991787,0.010456685131726092,0.3633195495565785,0.2783802761956776,2018-08-30T01:32:54Z,ls8,qg0651yd85t0,0.010522399529309149,0.30441131467905774,0.043366460039377
0.13499310936653441,0.650459654341099,0.005061321949278219,0.033645054197832105,0.038789357516608426,0.1359036547629004,2018-09-06T01:39:07Z,ls8,qg0651yd85t0,0.03390010048215049,0.6553904628029682,0.1360164244353726
0.0554508663798116,0.73634643563205,0.8444520820520242,0.004968019537155483,0.07412489824398186,0.12934062100244215,2018-09-07T01:31:27Z,ls7,qg0651yd85t0,0.004966580190398405,0.7361330995438389,0.05543480101933867
0.13424918247369028,0.7024851663572297,0.2039958756919069,0.022090117646524122,0.038109565569132385,0.10025974498178604,2018-09-14T01:37:29Z,ls7,qg0651yd85t0,0.02216229746673827,0.7047805481121906,0.13468784387015287
0.06380839096810059,0.74017568385082,0.7787308708078579,0.021405307303673914,0.051920341394025606,0.11922630434427167,2018-09-15T01:33:23Z,ls8,qg0651yd85t0,0.02149514052631399,0.743282033414357,0.0640761803210317
0.12295055499495461,0.6633329602788737,0.014055207843420958,0.031830969635813236,0.029279882579579856,0.14682139253279516,2018-09-22T01:39:12Z,ls8,qg0651yd85t0,0.032056021227615555,0.6680228626071315,0.12381984105287794
0.04234976636360343,0.7888034435710749,0.8501845085199522,0.004411562284927736,0.042392629888554835,0.12434044505620555,2018-09-23T01:31:30Z,ls7,qg0651yd85t0,0.004399430256120538,0.7866341925251775,0.04223330227394143
0.15904364586793476,0.722186270738999,0.5861293006765312,0.02520874490812777,0.03924019650693194,0.0488382664032588,2018-09-30T01:37:07Z,ls7,qg0651yd85t0,0.025361227825720672,0.7265546385418845,0.16000567072220412
0.03280202175188411,0.4780062277178573,0.79958214246952,0.01547100500925132,0.15703777246265627,0.31444559772552916,2018-10-01T01:33:30Z,ls8,qg0651yd85t0,0.015536777020378626,0.4800383795340825,0.0329414732573534
0.12540389176008346,0.5664974340142799,1.989797764190282e-05,0.032450466616860435,0.05737967363049444,0.21248930462420113,2018-10-08T01:39:20Z,ls8,qg0651yd85t0,0.032709372153087064,0.5710172248590831,0.12640442473313418
0.044196284125379175,0.6797205510616783,0.8568792735429254,0.005941734074823054,0.08746208291203236,0.1827350859453994,2018-10-09T01:31:06Z,ls7,qg0651yd85t0,0.005941280314194992,0.6796686419017812,0.044192908926592056
0.1306111738582159,0.6473600964965186,0.17518360406642308,0.020268764734908712,0.05601622895992105,0.1428894127967542,2018-10-16T01:36:42Z,ls7,qg0651yd85t0,0.020341241185520307,0.6496749076197066,0.13107820943809778
0.05221570886188118,0.6468029473712913,0.7346206721898629,0.01874286843845215,0.06887878560668544,0.210794304293592,2018-10-17T01:33:36Z,ls8,qg0651yd85t0,0.018809858211405996,0.6491147163906689,0.05240233549764764
0.13295663690874684,0.6633624941648182,0.0002496291740530232,0.03200182021487946,0.01825281083878252,0.14772509327244238,2018-10-24T01:39:25Z,ls8,qg0651yd85t0,0.03222208146051742,0.6679282672456354,0.1338717471826224
0.05595475155424671,0.7557824210411506,0.8839061539018125,0.008031443307000733,0.10392807616198445,0.0758036117733215,2018-10-25T01:30:20Z,ls7,qg0651yd85t0,0.008036338934035428,0.7562431139342414,0.05598885919641731
0.14703348948261302,0.664519951502966,0.22268188560471758,0.021379652189696938,0.04280258868045714,0.12006972030429329,2018-11-01T01:36:22Z,ls7,qg0651yd85t0,0.02148731875214845,0.6678664315216283,0.1477739407414727
0.06462828981034632,0.7093412112957699,0.7702308165406462,0.018665732437943332,0.07477503719857347,0.12968721707434203,2018-11-02T01:33:40Z,ls8,qg0651yd85t0,0.01873408357036016,0.71193871317378,0.06486494898294437
0.0,0.0,0.9999981910929416,0.0,0.0,1.0,2018-11-09T01:39:28Z,ls8,qg0651yd85t0,0.0,0.0,0.0
0.1300102380841158,0.40774583080300847,0.5353207192214464,0.01337553136824403,0.24755142398903784,0.19842808427149997,2018-11-17T01:36:00Z,ls7,qg0651yd85t0,0.01344564249714146,0.4098831306017059,0.13069171864061482
0.0469179477681052,0.29260561072563296,0.7460764805904272,0.010395087409349312,0.3817159872910938,0.26602504737344523,2018-11-18T01:33:42Z,ls8,qg0651yd85t0,0.010464611641196216,0.29456261017341995,0.0472317435208448
0.1335422104131447,0.5299497370107188,0.0005897037010238471,0.02736505735808896,0.03768366715294646,0.266120537055606,2018-11-25T01:39:28Z,ls8,qg0651yd85t0,0.02757652850361754,0.5340450720393186,0.13457419524851136
0.04550178727996223,0.5087067511971404,0.8390760102745921,0.004997189811380139,0.1561678019828691,0.2852791079337245,2018-11-26T01:30:00Z,ls7,qg0651yd85t0,0.004991357687666195,0.5081130493728983,0.04544868302284196
0.10471042428563261,0.47357533589462614,0.17792771607394808,0.015832332140703873,0.27812251077107236,0.12427110976151812,2018-12-03T01:35:36Z,ls7,qg0651yd85t0,0.01592528962073776,0.4763558719167189,0.10532521792995282
0.04015359281437126,0.2779173652694611,0.7583300170037264,0.00993562874251497,0.40797155688622755,0.2613922155688623,2018-12-04T01:33:40Z,ls8,qg0651yd85t0,0.010015283038968696,0.2801454388797487,0.04047550562619283
0.1141323416019408,0.33960762040885406,0.038149849860714125,0.0252831700299024,0.34244823500648824,0.17269666936227032,2018-12-11T01:39:25Z,ls8,qg0651yd85t0,0.025590985075158716,0.3437422417764241,0.11552186877965863
0.041476969927674155,0.2324674757607649,0.8384320393618176,0.004469087977787232,0.580801182292483,0.13921046149712263,2018-12-12T01:29:34Z,ls7,qg0651yd85t0,0.004494366994962192,0.23378240832454172,0.04171158089089044
0.13132785862740037,0.3367423736508839,0.1792572627618393,0.020475510388496945,0.22676390661262488,0.2813853386317202,2018-12-19T01:35:09Z,ls7,qg0651yd85t0,0.020614027222131494,0.3390204359049465,0.13221629162857687
0.04687978511226918,0.19157892620472236,0.7750732607358634,0.008852136009779321,0.43661133629286497,0.31369426751592355,2018-12-20T01:33:38Z,ls8,qg0651yd85t0,0.00893745171251558,0.19342533826849514,0.04733160621020075
0.1502958881186257,0.5013737964490892,0.14386780507217534,0.03074396719115463,0.015113451246283967,0.2964353552918208,2018-12-27T01:39:25Z,ls8,qg0651yd85t0,0.031015969346379155,0.5058096180318838,0.15162560608363226
0.03263534675615212,0.23846532438478749,0.9959570927245758,0.011140939597315437,0.6353467561521253,0.08098434004474273,2018-12-28T01:28:42Z,ls7,qg0651yd85t0,0.01119727921988869,0.23967124119775404,0.0328003833854892
0.14867456048673508,0.6355185790167245,0.24363626496870594,0.017142296828999388,0.020778077788646196,0.17519784374828104,2019-01-04T01:34:41Z,ls7,qg0651yd85t0,0.017199812694865594,0.6376508721225335,0.14917339364567364
0.06488081529249194,0.5135792426136738,0.780080315473391,0.015501332499835496,0.030507665986707903,0.3728202934789761,2019-01-05T01:33:13Z,ls8,qg0651yd85t0,0.015572075631642441,0.5159230542862455,0.06517691061642797
0.15040149471320605,0.6112577710005529,0.028448681306754486,0.02877827489838818,0.007538731653549758,0.19603122736658268,2019-01-12T01:39:23Z,ls8,qg0651yd85t0,0.0289964500406991,0.615891865700377,0.1515417252387914
0.09063622170179547,0.489176424668228,0.9953655801164936,0.01816939890710383,0.11046057767369243,0.2864949258391881,2019-01-13T01:28:13Z,ls7,qg0651yd85t0,0.018323219069780232,0.4933177392821369,0.09140353813520229
0.16444065769155478,0.6880154635812,0.16828262363879742,0.015972052458731165,0.03326736118662868,0.0942582483307597,2019-01-20T01:34:10Z,ls7,qg0651yd85t0,0.016046470111408976,0.6912210939119319,0.16520682645927076
0.07959160075077087,0.7347810530902267,0.7841177960276401,0.020489509317602902,0.04926095991419761,0.11242291191848773,2019-01-21T01:33:10Z,ls8,qg0651yd85t0,0.020574277859467315,0.7378209657350133,0.07992088457283394
0.20527741398646934,0.6187478383560653,0.0,0.03258793097210665,0.015605441192431534,0.12032849752179733,2019-01-28T01:39:19Z,ls8,qg0651yd85t0,0.03287145903074208,0.6241311925046953,0.20706340975033363
0.12341330069359448,0.7670248878008975,0.8669910639991317,0.010579627362981096,0.0217734258125935,0.07644498844009248,2019-01-29T01:27:41Z,ls7,qg0651yd85t0,0.010588595444059374,0.7676750752930321,0.12351791501022255
0.21063939735368886,0.6849071785463573,0.38671176874932167,0.024065178534559556,0.025988237306732578,0.04860812062364691,2019-02-05T01:33:40Z,ls7,qg0651yd85t0,0.024216745551093,0.6892208526587488,0.21196604385977866
0.19096631815057344,0.6564215115227378,0.0,0.03174716906045367,0.014997648420824138,0.09858543468036612,2019-02-13T01:39:17Z,ls8,qg0651yd85t0,0.032010132413525766,0.66185868298738,0.19254810149790383
0.12387280747546461,0.8174099498851533,0.8613943055605803,0.006356102526623511,0.009592294842347046,0.043511171434537484,2019-02-14T01:27:13Z,ls7,qg0651yd85t0,0.006351123518894827,0.8167696376118798,0.12377577259234078
0.2020746054830797,0.6843786928303195,0.16665460728627768,0.023775684299637497,0.00951181922768022,0.07477045301612799,2019-02-21T01:33:11Z,ls7,qg0651yd85t0,0.02391905335755323,0.6885055447523135,0.2032931296463251
0.17888178130809532,0.7639097515632921,0.7859339387142289,0.0239661145850938,0.0026787223255027885,0.023559236099374683,2019-02-22T01:33:28Z,ls8,qg0651yd85t0,0.024139754910037878,0.7694444633756065,0.18017782328947815
0.19996205600634934,0.6632425443857748,0.0017256973336710058,0.03150241181736146,0.004410490952513835,0.09337230414629638,2019-03-01T01:39:13Z,ls8,qg0651yd85t0,0.0317668438378701,0.6688098186349981,0.20164054242832163
0.18381520053179698,0.7916811433636164,0.9183640244564234,0.008332816308442275,0.00017726567693330378,0.01169953467759805,2019-03-02T01:26:44Z,ls7,qg0651yd85t0,0.008369185876793708,0.7951365299208517,0.1846174838478231
0.21299024859879295,0.711065482386844,0.1676513150754314,0.01665144662808412,0.0012105037825526634,0.053394735069185614,2019-03-09T01:32:41Z,ls7,qg0651yd85t0,0.01673442148880336,0.7146087516703546,0.21405158798910365
0.1482475226942,0.8051470792044902,0.7911652979269925,0.023346095211697043,0.0007276003048991754,0.016492273577714642,2019-03-10T01:32:59Z,ls8,qg0651yd85t0,0.023490449885397863,0.8101255024845211,0.1491641737474671
0.13950476542455284,0.48247254816952256,0.7454849679823451,0.019334048798516006,0.19582661104043325,0.15685034221505179,2019-03-17T01:39:08Z,ls8,qg0651yd85t0,0.019515287125851637,0.4869952696401705,0.14081248997849294
0.2425231551194872,0.6697082428526896,0.31526717557251904,0.020774963411476912,0.010310830731189272,0.049689063597985916,2019-03-25T01:32:09Z,ls7,qg0651yd85t0,0.020930690947417535,0.6747283245920855,0.24434109013132163
0.11025068927204643,0.7709342825398129,0.7802087478745342,0.02224459898769598,0.016567219455989466,0.07579934982099502,2019-03-26T01:33:19Z,ls8,qg0651yd85t0,0.02234810808372331,0.7745216122429158,0.1107637103963765
0.16853698772182024,0.6825785808940429,0.0021544083065012654,0.031152731274099076,0.012809333809498776,0.0987293996508523,2019-04-02T01:39:04Z,ls8,qg0651yd85t0,0.031371403786588994,0.6873698517441851,0.16972001100887485
0.11800762208632454,0.8407751231308797,0.8571307116240368,0.004490447069548374,0.008381762702422102,0.029437459642192427,2019-04-03T01:25:40Z,ls7,qg0651yd85t0,0.0044853546096736115,0.8398216293001033,0.11787379374560854
0.1775870603618509,0.7441285068758783,0.1865562027423031,0.017664981053530458,0.005308124744267137,0.05311460390315063,2019-04-10T01:31:36Z,ls7,qg0651yd85t0,0.017706290266637652,0.7458686368526116,0.17800234423333303
0.10375893655049152,0.8495704870420017,0.7732932961904417,0.02308310991957105,0.005585344057193923,0.014410187667560321,2019-04-11T01:32:51Z,ls8,qg0651yd85t0,0.023168025897312768,0.8526958071924947,0.10414063518543827
0.1014602682754426,0.7031750447947659,0.559835027676278,0.019509641148718625,0.03904130981539625,0.13196784639915835,2019-04-18T01:38:59Z,ls8,qg0651yd85t0,0.019624355879428457,0.7073096434422045,0.10205684446381237
0.11970315322713088,0.2218319921169322,0.9559422596866973,0.009206766299885042,0.35847429791427166,0.2885941862374774,2019-04-19T01:25:30Z,ls7,qg0651yd85t0,0.009264242106251538,0.22321684019599836,0.12045043354600107
0.1838728564351739,0.6283063861631374,0.31350530009768096,0.017837858490466606,0.054649704354058415,0.11309643011478018,2019-04-26T01:31:01Z,ls7,qg0651yd85t0,0.017885928689920817,0.62999957222117,0.18436836462007056
0.11624639577103801,0.6494980777445535,0.8644911544444847,0.021773013669372066,0.0421561298590346,0.16638188808201623,2019-04-27T01:32:45Z,ls8,qg0651yd85t0,0.02188206971219983,0.6527512649816837,0.11682864736506575
0.2264015867440526,0.6124584218419835,0.35110524221265516,0.03405963392264762,0.013358533906479113,0.10561381794258506,2019-05-04T01:38:59Z,ls8,qg0651yd85t0,0.03437599260054862,0.6181471657974619,0.2285044897529253
0.14085675511588872,0.7298621477804362,0.949348793458992,0.0084586264776258,0.01739223599157173,0.10349630370343917,2019-05-05T01:24:54Z,ls7,qg0651yd85t0,0.008457990822644413,0.7298072995717831,0.14084616991056154
0.22222730383140077,0.6605836875113786,0.4237220071632719,0.022307001738977573,0.0108011224880563,0.08035394785578415,2019-05-12T01:30:24Z,ls7,qg0651yd85t0,0.022398853609431713,0.6633037234892929,0.223142352557435
0.17355821164232849,0.694864472894579,0.9276581889222532,0.028210892178435688,0.007801560312062412,0.08879275855171034,2019-05-13T01:33:18Z,ls8,qg0651yd85t0,0.02842396373029363,0.7001126533007191,0.17486906410521472
0.28114528661922844,0.6375286879605416,0.5136916175246915,0.038989514248198756,0.002696761282691256,0.02946723156066225,2019-05-20T01:39:10Z,ls8,qg0651yd85t0,0.039403669693136356,0.6443006619775039,0.28413167548600626
0.1697450199203187,0.7757391486684839,0.9568666111935169,0.012978402180750682,0.0011742503669532397,0.03916963724051164,2019-05-21T01:23:52Z,ls7,qg0651yd85t0,0.012994563754165163,0.7767051508794716,0.16995639775889837
0.1268144053193602,0.6029088009019339,0.7176133280272059,0.008846831380637885,0.04369382931157076,0.21609260196401234,2019-05-28T01:29:48Z,ls7,qg0651yd85t0,0.008866518129313291,0.6042504466875114,0.1270966039075923
0.15814681160058094,0.6962183690533821,0.9177924098259831,0.02859965673546627,0.009175725036306826,0.10137305813492936,2019-05-29T01:33:04Z,ls8,qg0651yd85t0,0.028809753692406737,0.7013328836105718,0.1593085795257853
0.24694973548829002,0.6543685967034409,0.3793911218841576,0.03845318215602549,0.002812714050453969,0.048428232070769635,2019-06-05T01:39:18Z,ls8,qg0651yd85t0,0.03882093058151448,0.6606266749074946,0.2493114483897673
0.1550593849797266,0.7566364060425561,0.949587569190695,0.011830707955075532,0.00541820660949442,0.07032903943449711,2019-06-06T01:23:42Z,ls7,qg0651yd85t0,0.011840011543616679,0.7572314197833907,0.15518132262900103
0.3465831324852737,0.4763503038311575,0.8056130386020766,0.030187789058356052,0.03553847442327914,0.10428899786899433,2019-06-13T01:29:14Z,ls7,qg0651yd85t0,0.030437300172465244,0.4802874817008387,0.3494477458344225
0.16064319331801605,0.7566205840190092,0.7236550776021128,0.022351916946500926,0.005819243432895417,0.04950611707872671,2019-06-14T01:33:11Z,ls8,qg0651yd85t0,0.022472260959211322,0.7606942729736554,0.1615081055555111
0.22226092993958826,0.5748083144844963,0.4945624253825839,0.026714647693761265,0.06512511810347296,0.10297191284679474,2019-06-21T01:39:24Z,ls8,qg0651yd85t0,0.02697794281510222,0.5804735295621904,0.22445149667243958
0.36690550854979004,0.42463167859889944,0.9388553236134727,0.0216809656233359,0.09517188332051357,0.08662209336725638,2019-06-22T01:22:43Z,ls7,qg0651yd85t0,0.021813945746009263,0.42723615543319227,0.3691559221330286
0.26242383308200784,0.6792705084923303,0.17109185630042334,0.015965559306646993,0.005130532890185647,0.03306804121011616,2019-06-29T01:28:38Z,ls7,qg0651yd85t0,0.016034604448085406,0.682208102311187,0.2635587191404258
0.26675207234363224,0.6936021100226073,0.9927987410006874,0.027196684250188393,0.0012559658377292139,0.0012559658377292139,2019-06-30T01:33:39Z,ls8,qg0651yd85t0,0.027470350089915684,0.7005814609658989,0.2694362572687269
0.26390507503982397,0.6541287016895782,0.024552295503057042,0.03218554762474339,0.004649075470053611,0.036113320982777836,2019-07-07T01:39:28Z,ls8,qg0651yd85t0,0.03249101210754325,0.6603368634358316,0.2664097280037936
0.29595124282982793,0.5187715105162524,0.9962157664339206,0.019875717017208416,0.044933078393881457,0.1147227533460803,2019-07-08T01:22:07Z,ls7,qg0651yd85t0,0.02001254912212763,0.522342933760737,0.29798868537717355
0.27307098632435983,0.678415372054521,0.20239861075937915,0.019530696482434853,0.003499421676910167,0.02020275327149434,2019-07-15T01:28:01Z,ls7,qg0651yd85t0,0.019636912041948968,0.6821048599532528,0.27455605305639363
0.29100132375888366,0.6428440848684746,0.7553977786621323,0.02299886851894307,0.0015382226133514765,0.03270941643679606,2019-07-16T01:33:42Z,ls8,qg0651yd85t0,0.023212984705920356,0.6488288716487272,0.293710504595205
0.25164800257719894,0.6800460936519621,0.03420100575232443,0.0314836874172384,0.0025041532983838192,0.025264415738144603,2019-07-23T01:39:31Z,ls8,qg0651yd85t0,0.0317796267619329,0.6864383688848569,0.2540134353166817
0.2764661356160583,0.6693799125483825,0.863067544589559,0.004849073303478249,0.012444021717592043,0.033157637485303634,2019-07-24T01:21:29Z,ls7,qg0651yd85t0,0.004867961779479209,0.6719873316617676,0.2775430473558574
0.28064992918584075,0.6758655616942908,0.2004594623928223,0.01946574902376007,0.00202714014868711,0.01614472332704377,2019-07-31T01:27:23Z,ls7,qg0651yd85t0,0.019582364197829757,0.6799145289355967,0.28233124339084276
0.27845092174017344,0.669483765527892,0.7587116963930394,0.022808552429360744,0.0007571838757318819,0.019664290158858677,2019-08-01T01:33:49Z,ls8,qg0651yd85t0,0.023016146035816885,0.6755771180008384,0.28098526192875417
0.2663528864319549,0.6685617444230395,0.028155638363300928,0.031247340648295516,0.0017812770472122176,0.022633572512121804,2019-08-08T01:39:38Z,ls8,qg0651yd85t0,0.03155210246974031,0.6750823663624232,0.2689506816085025
0.3064169476058908,0.679898861879293,0.8572736152816468,0.003722846062203747,0.00048161009860333073,0.006336974981622772,2019-08-09T01:21:14Z,ls7,qg0651yd85t0,0.0037346637920351883,0.6820571195477924,0.3073896315799463
0.2959840066860409,0.6289851590150751,0.4285988205925979,0.02249029700964284,0.01285606650584712,0.03287936634566072,2019-08-16T01:26:43Z,ls7,qg0651yd85t0,0.02265183301831637,0.6335028295491111,0.2981099045810648
0.32486467414474945,0.6262661530997781,0.7539126659672226,0.022829346819364604,0.0009555872451154791,0.015010070419429294,2019-08-17T01:33:54Z,ls8,qg0651yd85t0,0.023065482430976447,0.6327439442632367,0.3282249156412421
0.2805155363771693,0.6573684825415967,0.040031113201403734,0.030629011287192146,0.0028020124743258776,0.01873033220901091,2019-08-24T01:39:43Z,ls8,qg0651yd85t0,0.030943824114037347,0.6641250842590801,0.2833987469435457
0.3392319648055216,0.643732300680971,0.8626659672226041,0.00529010418724727,0.0003424612426074472,0.006506763609541497,2019-08-25T01:20:33Z,ls7,qg0651yd85t0,0.005316314539456093,0.6469217369816241,0.3409127236267709
0.26216909200027455,0.6936643981991039,0.18318259107847035,0.013931919398165874,0.005281772017902661,0.020008725443081986,2019-09-01T01:26:02Z,ls7,qg0651yd85t0,0.014002947611459439,0.6972008630193012,0.26350569190825474
0.18048796079266993,0.676362667803111,0.9830215983502768,0.021010014915832088,0.0004261666311527807,0.11378649051779245,2019-09-02T01:33:58Z,ls8,qg0651yd85t0,0.021199726201542302,0.682469928165817,0.18211768848369556
0.16823469020712806,0.6698541710380386,0.5172244130096595,0.020511975060699624,0.030615838853751385,0.10321183417763256,2019-09-09T01:39:46Z,ls8,qg0651yd85t0,0.020692857982168526,0.6757612169981148,0.1697182519883329
0.23949176276771003,0.7387852828116417,0.868239209869397,0.003784459088412961,0.00030203185063152114,0.014909390444810544,2019-09-10T01:19:52Z,ls7,qg0651yd85t0,0.0037949681006182096,0.740836805465935,0.24015680413800472
0.3011437667736673,0.6684525835102061,0.3812561050613219,0.014184310079695025,0.002201406795418267,0.007028130061335344,2019-09-17T01:25:20Z,ls7,qg0651yd85t0,0.014285090196663606,0.6732019671020485,0.3032834058445344
0.22230313318817582,0.7301757390116985,0.7549202271987265,0.022169391445547484,0.0011292763036498505,0.016946525445621287,2019-09-18T01:34:03Z,ls8,qg0651yd85t0,0.02233489016792138,0.7356266397372176,0.22396266834558973
0.24403910827771974,0.6840641275894445,8.501863174270596e-05,0.02972162171451935,0.004973108310282883,0.028058533973258463,2019-09-25T01:39:52Z,ls8,qg0651yd85t0,0.030005347543935162,0.69059427805829,0.24636873211423357
0.191033203219122,0.7957283986313912,0.9624633696320684,0.006972676015613705,0.0,0.0,2019-09-26T01:18:45Z,ls7,qg0651yd85t0,0.0070166403342615145,0.8007456483639478,0.19223771130179074
0.2674795039206617,0.6865900891695083,0.15913859845881118,0.017386397616409772,0.003308629758306532,0.018995579171551806,2019-10-03T01:24:39Z,ls7,qg0651yd85t0,0.01749807292770102,0.6910001552239693,0.26919756291847136
0.24217034790365746,0.7180971275646741,0.7465268984479577,0.022284032114183762,0.0004995539696699376,0.008934879571810883,2019-10-04T01:34:07Z,ls8,qg0651yd85t0,0.022465789043952487,0.7239541972598312,0.2441455801547354
0.2523150447668185,0.6868928376145137,0.40783075865562024,0.028251268469558253,0.0037572969455925073,0.018270238237064054,2019-10-11T01:39:55Z,ls8,qg0651yd85t0,0.028558273116844696,0.6943572561967326,0.255056935503766
0.2621428571428572,0.0,0.999949350602366,0.7125,0.0,0.0,2019-10-12T01:18:06Z,ls7,qg0651yd85t0,0.731037009893734,0.0,0.26896299010626606
0.2882916677689302,0.6730192543407141,0.1794580514453168,0.016101844748375258,0.00472650635344744,0.010844069380880577,2019-10-19T01:23:59Z,ls7,qg0651yd85t0,0.016217436780791353,0.6778507295337821,0.2903612579510986
0.2517988495351109,0.6739051047357186,0.0,0.029173618899460955,0.007345971563981043,0.027730545204587388,2019-10-27T01:39:56Z,ls8,qg0651yd85t0,0.02948054364024102,0.6809950084701228,0.25444793112106767
0.19784603706418177,0.7832453408020102,0.861785029485185,0.004711548528949847,0.0029185425609883782,0.008179771751649042,2019-10-28T01:17:49Z,ls7,qg0651yd85t0,0.0047263587454687015,0.7857073833796014,0.19846794356229247
0.28572673290508893,0.6669310350060597,0.16561810354184003,0.014960597316498398,0.0030481525723936235,0.023119131601710953,2019-11-04T01:23:17Z,ls7,qg0651yd85t0,0.015056678995210711,0.6712142766489623,0.2875617601817225
0.2035891406427415,0.7598764916598906,0.7530679063709707,0.022292522837322085,0.00021976572973210557,0.006219370151418588,2019-11-05T01:34:08Z,ls8,qg0651yd85t0,0.022468977951792125,0.7658912480110406,0.20520063815601658
0.3233356777666567,0.6355069837061883,0.7993903983213342,0.024483277878468185,0.00022542628109755548,0.004093741264731608,2019-11-12T01:39:54Z,ls8,qg0651yd85t0,0.024790895392550628,0.643491742915316,0.32739819414630433
0.2170407219173395,0.7723687912700726,0.8572754241887052,0.0033449512680447653,0.0002154598801029138,0.00438524226562401,2019-11-13T01:17:05Z,ls7,qg0651yd85t0,0.003353862674790229,0.7744264871540946,0.2176189480253883
0.32305731066098403,0.632015817918186,0.3824662638833617,0.011991036513027815,0.002815003588324033,0.022795377652796697,2019-11-20T01:22:32Z,ls7,qg0651yd85t0,0.012081867903086919,0.6368033002362058,0.32550445061958666
0.2582109431245501,0.704702023838093,0.7738685286349987,0.022086473082153432,0.0003759699224062075,0.005727541796656268,2019-11-21T01:34:04Z,ls8,qg0651yd85t0,0.022285970064983406,0.7110672740537769,0.2605432441621772
0.31831154806266065,0.619397235990015,0.0,0.02874179660649036,0.0037987048225462177,0.01787019282949242,2019-11-28T01:39:51Z,ls8,qg0651yd85t0,0.02909511786759971,0.6270114507708062,0.3222245337095555
0.2503406878650227,0.7334252233814207,0.8550486595998698,0.005745020715818897,0.0005865322218339739,0.004617381320820646,2019-11-29T01:16:20Z,ls7,qg0651yd85t0,0.005775705896830837,0.7373425784009097,0.25167780215960484
0.3136151160500347,0.6323886631789246,0.16428674794689047,0.018837313500678576,0.008984867932614573,0.01888315775575272,2019-12-06T01:21:46Z,ls7,qg0651yd85t0,0.018979658828931347,0.637167347349589,0.31598496813311255
0.2632548027827419,0.7008099310696961,0.773264353677508,0.022394849374521318,8.775848863926475e-05,0.003845417411284146,2019-12-07T01:33:40Z,ls8,qg0651yd85t0,0.022612955332349194,0.7076351978404181,0.2658186709273092
0.21730616098181668,0.7450913270122724,0.8237183893491552,0.021706481139432746,0.000533596026761893,0.00607478553544309,2019-12-14T01:39:50Z,ls8,qg0651yd85t0,0.021911339762887318,0.7521232536805884,0.21935702499431944
0.03452887537993921,0.9315805471124621,0.9982146087334033,0.019321175278622087,0.0,0.00911854103343465,2019-12-15T01:15:32Z,ls7,qg0651yd85t0,0.019428049415488473,0.9367335393843308,0.034719870166746054
0.32307792265073404,0.6513879982764533,0.4668409247132882,0.015176069837586214,7.464180416026275e-05,0.002442822681608599,2019-12-22T01:20:57Z,ls7,qg0651yd85t0,0.015296303877565193,0.656548689513695,0.32563754212297097
0.23779611778687437,0.7205253312205643,0.8356137621649,0.0209122320524671,0.0005061842510673886,0.010431797174171399,2019-12-23T01:34:01Z,ls8,qg0651yd85t0,0.021122123193648194,0.7277570740417199,0.24018282133939317
0.3053464017525863,0.6248623058234428,6.692956115916804e-05,0.02706108907111833,0.00833238359356203,0.02284621632720254,2019-12-30T01:39:46Z,ls8,qg0651yd85t0,0.027387641700779113,0.6324026686154313,0.30903108976302507
0.3320188517806797,0.6510442820473259,0.8710375890886726,0.007768644887997419,0.0007013311264780554,0.0020619135118454825,2019-12-31T01:14:42Z,ls7,qg0651yd85t0,0.007818863290500248,0.6552527900013361,0.3341651020698401
0.16228628839812562,0.6377935449930578,0.33293296190441735,0.010147084345713297,0.06242949496702534,0.12363057532106907,2020-01-07T01:20:07Z,ls7,qg0651yd85t0,0.010193585202278635,0.6407163497262764,0.16302999478335048
,,1.0,,,,2020-01-08T01:33:33Z,ls8,qg0651yd85t0,,,
0.16701164950194164,0.3082582024874782,0.4214355486415108,0.026386246959436224,0.3473433757917972,0.14383977088687538,2020-01-15T01:39:43Z,ls8,qg0651yd85t0,0.026762890308702377,0.3126583508678877,0.1693956121447373
0.05666767900270438,0.19518272665480788,0.8749195036359032,0.004066120005206299,0.6094841424790663,0.13283295009183335,2020-01-16T01:13:54Z,ls7,qg0651yd85t0,0.0040941850948620654,0.19652991284601967,0.05705880948821851
0.1490336608604708,0.30424629982757534,0.1680637458847365,0.02194687667831385,0.32398224873943005,0.19703377392582477,2020-01-23T01:19:20Z,ls7,qg0651yd85t0,0.0221203885279524,0.30665166889227374,0.15021191991451907
0.0627584378230192,0.17326672958518718,0.7987500452226765,0.009281110961305109,0.563399397779875,0.18847692238551075,2020-01-24T01:33:53Z,ls8,qg0651yd85t0,0.009387706747576725,0.1752567395475557,0.06347923353948183
0.13689533299812587,0.4036721122640217,0.010663507109004766,0.028272962472002554,0.09643552589477533,0.3292882936417242,2020-01-31T01:39:38Z,ls8,qg0651yd85t0,0.02854313561071369,0.40752955598568774,0.1382034888670991
0.07651277054482129,0.4601633634629737,0.9127455591331717,0.006342773032589768,0.21094203499460984,0.24552201675097438,2020-02-01T01:13:06Z,ls7,qg0651yd85t0,0.0063488123712326285,0.46060151289205015,0.07658562299113295
0.10104719621138734,0.5331175869120655,0.6638688904164104,0.031949521041868476,0.0018512539016252287,0.3275320202346357,2020-02-08T01:18:32Z,ls7,qg0651yd85t0,0.032165475294604756,0.5367210528279172,0.10173019774121715
0.027730365811373097,0.3237335298196948,0.9165297926992511,0.009287881414701804,0.01930911927877947,0.6170249653259362,2020-02-09T01:33:25Z,ls8,qg0651yd85t0,0.009362908547313524,0.32634863625658317,0.027954370591387636
0.15977754906266867,0.603639432815665,0.1721916717919033,0.03958188838556997,0.008290558509185388,0.18146577249256493,2020-02-16T01:39:34Z,ls8,qg0651yd85t0,0.039939003227816954,0.6090855752211046,0.16121909054932818
0.11165077568316713,0.648165353302277,0.8753536413299084,0.14091427576298488,0.02422105156225057,0.06793214042114734,2020-02-17T01:12:17Z,ls7,qg0651yd85t0,0.14202759758190586,0.6532863151508393,0.11253289528385683
0.07227981531492289,0.6001811036578873,0.8131200028942513,0.01878028477122475,0.00232308273078375,0.3023782559456399,2020-02-25T01:33:45Z,ls8,qg0651yd85t0,0.01889052155742647,0.6037040553496328,0.0727040844165171
0.19335765920826165,0.6303634068742504,0.13294562425382583,0.044148083242059155,0.02866113805872842,0.09505450372920253,2020-03-03T01:39:29Z,ls8,qg0651yd85t0,0.04457616084195276,0.6364756644052504,0.19523253296486595
0.0882148612354521,0.5378519247985674,0.8989725407908542,0.0072401074306177255,0.13269471799462848,0.23294538943598925,2020-03-04T01:11:26Z,ls7,qg0651yd85t0,0.007252145554189997,0.5387462109671577,0.08836153604803461
0.15205389691755083,0.6880782891988972,0.45863934011070506,0.015410809456185785,0.005008771197059561,0.13641299807869017,2020-03-11T01:16:50Z,ls7,qg0651yd85t0,0.01546548284001142,0.6905194048660797,0.15259334301815913
0.08323240574006348,0.6097806634859932,0.8051192069751456,0.019736480591085456,0.005114448549204522,0.2778324391556983,2020-03-12T01:33:38Z,ls8,qg0651yd85t0,0.019855648926359007,0.6134625026170514,0.08373496075168678
0.15141473799738836,0.6004579738357889,0.0967982345067111,0.03465606399256571,0.07253038204875548,0.13405953840114718,2020-03-19T01:39:22Z,ls8,qg0651yd85t0,0.03495926828661476,0.6057113527567782,0.15273945850670437
0.054210412053319446,0.49471668620554915,0.8750171846170544,0.005271156267639269,0.12604750119404282,0.3204376709652208,2020-03-20T01:10:09Z,ls7,qg0651yd85t0,0.005264655978566265,0.49410661105195963,0.054143560810210496
0.16623730124398653,0.666427132626354,0.17202344343547626,0.026329365859626582,0.026138136248640004,0.11163544684328042,2020-03-27T01:15:57Z,ls7,qg0651yd85t0,0.026428450114243315,0.6689350713304115,0.16686289546342478
0.06967059480042016,0.6184169019170167,0.7795738214970515,0.019158679096638657,0.020975577731092435,0.26862033876050423,2020-03-28T01:33:06Z,ls8,qg0651yd85t0,0.01924422404859657,0.6211781801814318,0.06998167927837494
0.19943232809240855,0.6942469457152374,0.1744003473101552,0.042406268075932056,0.011507247901000859,0.04409870116211811,2020-04-04T01:39:12Z,ls8,qg0651yd85t0,0.04278265767545169,0.7004089434981499,0.20120244976327947
0.14793103448275863,0.8010344827586207,0.9999475416953076,0.04689655172413794,0.0,0.0,2020-04-05T01:09:15Z,ls7,qg0651yd85t0,0.04709141274238227,0.8043628808864265,0.14854570637119113
0.18732054596782302,0.7520950921366384,0.2080098404543974,0.02869124405017498,0.0044812118000676065,0.023422439862229003,2020-04-12T01:15:02Z,ls7,qg0651yd85t0,0.028809477635741012,0.7551943965541961,0.1880924741477664
0.08442663913105168,0.804320227641764,0.7705111971346912,0.022836615011114093,0.004067283590560119,0.08060473255245693,2020-04-13T01:32:58Z,ls8,qg0651yd85t0,0.022930420739233796,0.8076241255512668,0.08477343756648238
0.128739859120719,0.8402946320136021,0.9255272964075105,0.010510080155453001,0.00884138936118533,0.009934418265727472,2020-04-21T01:08:19Z,ls7,qg0651yd85t0,0.0105281017470516,0.8417354817936856,0.12896060883234997
0.20180632228425502,0.726297394250967,0.1896620961614992,0.02658676566117002,0.0027702686111377747,0.037826109279395316,2020-04-28T01:14:05Z,ls7,qg0651yd85t0,0.026718019872596685,0.7298829974401085,0.20280260479676163
0.1538671520328211,0.8039858593671183,0.7848341232227488,0.025088778289672802,0.0021269798567441233,0.008020311396576656,2020-04-29T01:32:51Z,ls8,qg0651yd85t0,0.025265173797341042,0.8096385656162515,0.1549489693330867
0.1908670273069274,0.7214102237198775,0.0777576788104627,0.03478606762201032,0.005034972167411353,0.04001498526971524,2020-05-06T01:38:57Z,ls8,qg0651yd85t0,0.03507575058827911,0.7274178085890444,0.19245648338554988
0.155376201238764,0.8300348510205137,0.895153937990666,0.006789047808008834,0.0009661669053328963,0.004727316643950243,2020-05-07T01:07:22Z,ls7,qg0651yd85t0,0.006803460789351723,0.8317969945728972,0.15570606108846805
0.26570728888548517,0.6811186571658319,0.48034984262508595,0.030983802863478297,0.002729111333122152,0.011100938828222632,2020-05-14T01:13:07Z,ls7,qg0651yd85t0,0.031248712082895903,0.6869421712320555,0.26797906652370374
0.1606299139850514,0.7971579958794129,0.8042093267247928,0.026877223130722393,0.0028825632639485573,0.004277649971821096,2020-05-15T01:32:47Z,ls8,qg0651yd85t0,0.027100356849998772,0.803775972282941,0.16196345763129064
0.23907907419307,0.7037331117262288,0.12169603125791395,0.04004071721615343,0.0015014087291779941,0.006013873099039428,2020-05-22T01:38:59Z,ls8,qg0651yd85t0,0.04043311040227281,0.7106295935349151,0.24142201423459458
0.15450403009134872,0.8338644098155114,0.8990087189320213,0.005920472864051584,0.0015045674368619022,0.0030807809421457997,2020-05-23T01:06:23Z,ls7,qg0651yd85t0,0.005927176052861501,0.8348085152458061,0.15467896032232467
0.26039260954139937,0.7038339089747487,0.20863391338953008,0.0261945721319457,0.0005143056987357223,0.0035429948135127535,2020-05-30T01:12:08Z,ls7,qg0651yd85t0,0.026340607169366162,0.7077577910186004,0.26184430129978525
0.18092485596039926,0.7839344315507588,0.7770883831988713,0.024447861721983287,0.0012496956909843382,0.001907003164813763,2020-05-31T01:32:51Z,ls8,qg0651yd85t0,0.02463409589605176,0.7899061350495731,0.18230307019857717
0.2797224620747019,0.6646519388442191,0.08661046995405375,0.039477403255832384,0.0015407771220343012,0.004521329266843586,2020-06-07T01:39:06Z,ls8,qg0651yd85t0,0.03988211117857478,0.6714657078191733,0.28259007461337404
0.2018183785223282,0.78651170919259,0.8913190550269527,0.006296333283400742,0.0011484495930493834,0.001165093790050099,2020-06-08T01:05:50Z,ls7,qg0651yd85t0,0.006315704379630348,0.7889314657903939,0.20243928644687623
0.26457896371218176,0.6971125011090409,0.18447234181107774,0.02491511400940467,0.00132641291810842,0.00657439446366782,2020-06-15T01:11:13Z,ls7,qg0651yd85t0,0.025053820867501842,0.7009934500275405,0.2660519217231814
0.1977550853445391,0.7662782343535012,0.7567834014688325,0.025004574021047936,0.0009668662377747202,0.002067606262318248,2020-06-16T01:33:01Z,ls8,qg0651yd85t0,0.02520499819785965,0.7724203379622153,0.19934019133983205
0.22948251713319043,0.717632055733062,0.058498245360153356,0.03708794365212179,0.0009279877651633778,0.0057677417619471216,2020-06-23T01:39:15Z,ls8,qg0651yd85t0,0.03743092726792749,0.7242686069423205,0.23160473626264147
0.1625268480616422,0.829287743799663,0.887314134799754,0.005533991492094069,0.00025684244321374106,0.0007384220242395056,2020-06-24T01:04:54Z,ls7,qg0651yd85t0,0.00554318098934908,0.8306648217109949,0.1627967328322028
0.24700750125020846,0.7153594265710951,0.18612749176947285,0.025118808690337287,0.0008268044674112353,0.0060098905373117744,2020-07-01T01:10:16Z,ls7,qg0651yd85t0,0.025263229770352617,0.7194723995332358,0.24842767569168844
0.17467389503802422,0.790119494014005,0.7597590535798271,0.024400045177320986,0.0010616670431443415,0.0021158045327912055,2020-07-02T01:33:09Z,ls8,qg0651yd85t0,0.024588229041640795,0.7962132425532974,0.17602105682912617
0.23659130725600877,0.7020757119996269,0.06969538005137299,0.03735204388177123,0.003422187049744211,0.010810999998055576,2020-07-09T01:39:22Z,ls8,qg0651yd85t0,0.037725088213159896,0.7090875201190466,0.23895420461999375
0.16597783781308673,0.8216733061648122,0.8814858362577331,0.006028359051849138,0.0013584260573591587,0.0025031671169314833,2020-07-10T01:03:32Z,ls7,qg0651yd85t0,0.006043276492443227,0.8237065730334641,0.16638855729980218
0.3291749494489221,0.6404297553612625,0.8729676929199378,0.019420157776322163,1.4239740267137527e-05,0.0013385355851109277,2020-07-17T01:09:18Z,ls7,qg0651yd85t0,0.01960909922461235,0.6466605865882683,0.3323775388617414
0.19697186056278873,0.7462511083111671,0.9224738612930068,0.025710485790284197,0.006509869802603948,0.015773017872975872,2020-07-18T01:33:39Z,ls8,qg0651yd85t0,0.025943558664764558,0.7530160870951917,0.19875746656446383
0.24859226938930035,0.6986274998358232,0.06346731304945552,0.03680320396188004,0.0007610085487914644,0.005218896189935372,2020-07-25T01:39:28Z,ls8,qg0651yd85t0,0.03717710389384966,0.7057251638036471,0.2511178275637763
0.1832990783785988,0.8084683141668706,0.8891049527875258,0.004434711687464318,0.0009297773427942256,0.0008319060435527281,2020-07-26T01:02:57Z,ls7,qg0651yd85t0,0.004443776128108005,0.8101208033392292,0.18367373714631574
0.22490942238095576,0.7472370431228231,0.46717919033320066,0.017906190375958225,0.00010524386020899394,0.002678625990480523,2020-08-02T01:08:18Z,ls7,qg0651yd85t0,0.01803574968097345,0.7526436377113969,0.22653674275694016
0.21471285422896408,0.7502640750935698,0.8173112405484606,0.024756421173535062,0.0001188189397389944,0.0008515357347961264,2020-08-03T01:33:43Z,ls8,qg0651yd85t0,0.02498895147074545,0.757311100475182,0.2167295933795374
0.10362690281503507,0.7710374583885459,0.9440306067074273,0.0030092757183025763,0.014867004944895124,0.10594357002036134,2020-08-11T01:01:57Z,ls7,qg0651yd85t0,0.0030144728943031214,0.7723690802634994,0.10380587187694107
0.23473251827555525,0.6761437706090693,0.170550993089975,0.02200861001099151,0.009270809707416647,0.052850812149972955,2020-08-18T01:07:17Z,ls7,qg0651yd85t0,0.02212641611705581,0.6797629843947334,0.23598897763082113
0.11659846051378037,0.7326477308175464,0.7854437249014146,0.021175270421798995,0.005437944204163189,0.11932282840545987,2020-08-19T01:33:48Z,ls8,qg0651yd85t0,0.021292475126278788,0.7367029215692008,0.1172438306948973
0.224179907668714,0.672937565710943,0.08468579284396371,0.03597522944482655,0.008733132544406764,0.04948775108497166,2020-08-26T01:39:39Z,ls8,qg0651yd85t0,0.03631013263229017,0.6792021243864128,0.22626685935191865
0.0902644491661444,0.7541935829040491,0.8816631091494519,0.004475763921796421,0.0021247649765358686,0.1488558369892539,2020-08-27T01:00:32Z,ls7,qg0651yd85t0,0.0044762152344123285,0.7542696318388787,0.0902735509609192
0.22635675947557554,0.7008310004257695,0.18002785716869862,0.01868472546696757,0.005638687218313821,0.04310639602732866,2020-09-03T01:06:15Z,ls7,qg0651yd85t0,0.018791049791174845,0.7048190377472442,0.22764482921593843
0.12523909644724787,0.756449583984761,0.7986794978474006,0.02220317357629342,0.002497888475569213,0.08761478606214171,2020-09-04T01:33:56Z,ls8,qg0651yd85t0,0.022350446165126107,0.7614670779106651,0.12606980138649793
0.20342385013281142,0.6771915932708884,0.029566585868818107,0.031876527331189716,0.0107404818491076,0.0682920918961741,2020-09-11T01:39:46Z,ls8,qg0651yd85t0,0.0321726045550852,0.6834815195510583,0.20531330214857482
0.10762890863594274,0.8001698421768172,0.9081925400672913,0.004724646818907257,0.0009851634386144662,0.08523634070892361,2020-09-12T00:59:28Z,ls7,qg0651yd85t0,0.004731145168244583,0.8012704076503779,0.10777694303383943
0.2592568916251096,0.6826120510796824,0.17260048478709167,0.021466759072415353,0.004945310809067715,0.02544364597521223,2020-09-19T01:05:11Z,ls7,qg0651yd85t0,0.02160659738891206,0.6870587083380669,0.2609457374887412
0.16929817347645426,0.7539710295475529,0.7492420679425491,0.022673779432132963,0.004176765927977839,0.04203456832871653,2020-09-20T01:34:02Z,ls8,qg0651yd85t0,0.022861836530337406,0.7602244909244413,0.1707023382885268
0.23173334178659746,0.6734459610002625,0.001383813899641817,0.03309831447953556,0.007805381710155691,0.04371122442510257,2020-09-27T01:39:50Z,ls8,qg0651yd85t0,0.03345832946565884,0.6807711267108668,0.23425393768821615
0.08748311156601841,0.8829641760491298,0.9823269780398683,0.0038270214943705227,0.0041965199590583415,0.01750255885363357,2020-09-28T00:58:50Z,ls7,qg0651yd85t0,0.0038428383242172176,0.8866134093115611,0.08784467355152975
0.17124365440715394,0.5260803184383436,0.6682554900329221,0.01178603560620519,0.14249570598980343,0.1434172142097658,2020-10-05T01:04:10Z,ls7,qg0651yd85t0,0.011868758934647294,0.5297727487366356,0.17244557212914782
0.0367933664509007,0.5687335039389835,0.9279005824680728,0.014147724421697021,0.1575091575091575,0.22073360429524813,2020-10-06T01:33:41Z,ls8,qg0651yd85t0,0.014195273030131822,0.5706449411338637,0.03691702403159891
0.19037768181258286,0.6592445820321274,0.0013892406208169117,0.032459677711519946,0.06707158021345815,0.04251592241310601,2020-10-13T01:39:52Z,ls8,qg0651yd85t0,0.03276623330941287,0.6654706178787745,0.19217564618524863
0.17706054340520808,0.6703619633477594,0.15487500452226766,0.01680671315619368,0.06094580074571598,0.07123685258196669,2020-10-21T01:03:08Z,ls7,qg0651yd85t0,0.016876491654637376,0.6731451875737847,0.17779566744389538
0.06317257840047881,0.6622857101652017,0.7491425780543396,0.017504092184108623,0.060694120955588085,0.19303571557337448,2020-10-22T01:34:05Z,ls8,qg0651yd85t0,0.01758202309309933,0.665234307948044,0.06345383242989402
0.19304644242107,0.6654850997005991,0.0012969863608407461,0.031493235863597924,0.010807765942224549,0.09106634088204556,2020-10-29T01:39:52Z,ls8,qg0651yd85t0,0.031779891176755566,0.6715424270734561,0.19480357492551814
0.11686153846153846,0.7786864468864468,0.9753084186534496,0.010509157509157511,0.006520146520146521,0.08395604395604396,2020-10-30T00:56:45Z,ls7,qg0651yd85t0,0.01054936661331717,0.7816657803319005,0.11730866257859195
0.2567793411908437,0.6375740459484449,0.5676585507036649,0.020668097587099952,0.02950122799750635,0.04759693230742196,2020-11-06T01:02:04Z,ls7,qg0651yd85t0,0.02084609553385027,0.6430649659812084,0.25899077818001287
0.09007050051675772,0.7308880850435552,0.9509930899750371,0.004566661745164624,0.08567104680348442,0.08652000590580244,2020-11-15T00:55:39Z,ls7,qg0651yd85t0,0.00457929477534032,0.7329099845729407,0.09031966794243206
0.24585970631577458,0.7009895376771559,0.23648565536702726,0.01738984472358714,0.012018877669479679,0.015563179067772919,2020-11-22T01:00:57Z,ls7,qg0651yd85t0,0.017537348607468323,0.7069354607725593,0.2479451338827197
0.08707306488111846,0.8645068818004278,0.7665858688180601,0.022490622771939615,0.0078117734585697015,0.012732880746458352,2020-11-23T01:34:05Z,ls8,qg0651yd85t0,0.022614953572197317,0.8692859772275514,0.08755441499522323
0.2073681123736685,0.6967050881187651,0.0037733801237292974,0.03135580879335579,0.0183863716422084,0.03698155552408241,2020-11-30T01:39:53Z,ls8,qg0651yd85t0,0.0316642977305783,0.7035595058634229,0.20940826923970815
0.1328861335226038,0.8067069832119009,0.8751184834123222,0.006100207135304257,0.015556875298752843,0.03522748671002506,2020-12-01T00:54:07Z,ls7,qg0651yd85t0,0.006122927868541859,0.80971163104761,0.13338107907507035
0.23142035968401597,0.7103618578071599,0.19282044788538766,0.021978194856854736,0.007904084262423665,0.022430388257045214,2020-12-08T00:59:47Z,ls7,qg0651yd85t0,0.022112858793421775,0.714714359219693,0.2328383094674164
0.08090153613699322,0.7175415512465374,0.9712673202850838,0.019743137748677916,0.058045832284059434,0.11860992193402166,2020-12-09T01:34:07Z,ls8,qg0651yd85t0,0.019867602704295204,0.7220650863839773,0.0814115566936464
0.2434298473252276,0.5877497925256544,0.5880413154372128,0.023789557344152737,0.08451780327480142,0.04992118170361686,2020-12-16T01:39:53Z,ls8,qg0651yd85t0,0.024084275163683697,0.5950311527786862,0.24644558707921171
0.14540936338113666,0.5910281508460429,0.976160413877935,0.008040063737764626,0.1933378860308066,0.056681083541998634,2020-12-17T00:52:55Z,ls7,qg0651yd85t0,0.008099498850229942,0.5953972486245475,0.14648428295241742
0.16792145487951138,0.5346439993875626,0.14935783799428382,0.020188409618672545,0.10768481580088973,0.16727839541352296,2020-12-24T00:58:34Z,ls7,qg0651yd85t0,0.02025217769423684,0.536332751478337,0.16845185961301348
0.06672310917593936,0.5111344944363814,0.7532252812850475,0.0155707290612951,0.07833047455688966,0.3255486651713067,2020-12-25T01:33:40Z,ls8,qg0651yd85t0,0.01564137721780046,0.5134536350248585,0.0670258480291446
0.16994165317562054,0.6361812073628358,0.22679353134835933,0.03179136916180833,0.02512375890175087,0.12891279325478894,2021-01-01T01:39:49Z,ls8,qg0651yd85t0,0.03209676517536665,0.6422925265589505,0.17157415610914292
0.20316836954763576,0.7174731762549196,0.1948048189284035,0.026081868586114554,0.0007480994230872918,0.04832991858521594,2021-01-09T00:57:28Z,ls7,qg0651yd85t0,0.0261975375204704,0.7206550555536478,0.20406938891757845
0.09416851118830277,0.8599094434122304,0.7760753952461923,0.023783342757896432,0.0011713385572340253,0.017271185071492043,2021-01-10T01:33:34Z,ls8,qg0651yd85t0,0.02387324046894655,0.863159780905158,0.09452445499716938
0.16672052521274475,0.6396620597523461,0.11444231395390903,0.03316138771208079,0.03054208524493723,0.12321010552462038,2021-01-17T01:39:42Z,ls8,qg0651yd85t0,0.033426184471198155,0.6447698206766893,0.16805180408255502
0.07148249321099738,0.8490898719328974,0.887426287037372,0.005620169363520962,0.01375476033615606,0.062282068998762714,2021-01-18T00:51:03Z,ls7,qg0651yd85t0,0.005606641504139658,0.847046095732103,0.0713104334288385
0.16230569527461366,0.6491181008232774,0.1980210556781593,0.023358903800608996,0.08473891958948912,0.07763392353670914,2021-01-25T00:56:20Z,ls7,qg0651yd85t0,0.023438497444390933,0.6513299201505177,0.1628587392788931
0.06941011820961172,0.5759104805857999,0.7828569878079664,0.018025924475804103,0.12756474871085713,0.20606292849942937,2021-01-26T01:33:54Z,ls8,qg0651yd85t0,0.01810814821812568,0.5785374479305009,0.06972672664108708
0.31617904885905745,0.4594517526629477,0.6776780868998951,0.024838595624796567,0.1320474111321877,0.05924707889508716,2021-02-10T00:55:09Z,ls7,qg0651yd85t0,0.02509416251683828,0.4641790995003013,0.31943224795558556
0.1884901655931492,0.6484541348930184,0.9267012770883832,0.0327669603415513,0.047827052639372175,0.07161718615039116,2021-02-18T01:39:36Z,ls8,qg0651yd85t0,0.033175534232637534,0.6565397621932789,0.19084046478432026
0.10327432362866784,0.731547360292856,0.8734995115950943,0.00517374020477035,0.06850940914030773,0.09033060687525024,2021-02-19T00:48:41Z,ls7,qg0651yd85t0,0.005180913017842787,0.7325615690202631,0.10341750194633594
0.21955370608821434,0.6653545539169099,0.44228320248905606,0.026568531738438043,0.01827015701372289,0.06514399141143692,2021-02-26T00:53:56Z,ls7,qg0651yd85t0,0.026717455133427867,0.6690840358475163,0.220784360593896
0.07331405217448625,0.756699049125756,0.780467421583879,0.022174074257181,0.0030981691138906742,0.14142812412452002,2021-02-27T01:33:45Z,ls8,qg0651yd85t0,0.02225959043139713,0.7596173223742215,0.0735967939559707
0.14381089296588032,0.6626789713017347,0.26328280452950326,0.029302480897287313,0.03105541259895107,0.12686361939932037,2021-03-06T01:39:29Z,ls8,qg0651yd85t0,0.029522957013887772,0.6676650640034936,0.1448929469843473
0.0841500553709856,0.8382759320782577,0.9019934155783076,0.0038235511258767076,0.010557401255075673,0.06559616094499815,2021-03-07T00:47:27Z,ls7,qg0651yd85t0,0.003813631143958312,0.8361010737292836,0.08393173292668436
0.24104684654009143,0.7078202727253645,0.2243714047972215,0.025465281972466263,0.0018330950620710242,0.01801144168495486,2021-03-14T00:52:41Z,ls7,qg0651yd85t0,0.02561747430022633,0.7120505347369265,0.2424874542158213
0.13143209961534158,0.8322809297202407,0.7897923374697008,0.024709354858141075,0.0004991093479738742,0.0044403521302503295,2021-03-15T01:33:36Z,ls8,qg0651yd85t0,0.024875300625373725,0.8378704523212334,0.13231478557516865
0.1961894881807722,0.6983053157079304,0.0017455953113129086,0.034955450254142845,0.0011542887171449021,0.06078951898596552,2021-03-22T01:39:21Z,ls8,qg0651yd85t0,0.03527910871966379,0.7047710435215883,0.1980060400556376
0.13496098104793758,0.8558564102564102,0.8783057776491444,0.004350204384986994,0.000505388331475288,0.00380527684875511,2021-03-23T00:46:11Z,ls7,qg0651yd85t0,0.004352485078071122,0.8563051123455844,0.1350317373961141
0.22730915313660827,0.7139010063244007,0.176547519988423,0.023510975987487415,0.0006963650622444922,0.02937913672699634,2021-03-30T00:51:24Z,ls7,qg0651yd85t0,0.023637785831765238,0.7177515344985589,0.22853517788043506
0.12102881686463487,0.8444289006720713,0.7755254875004522,0.02398190081712251,0.0009428336583557626,0.004198430222250874,2021-03-31T01:33:32Z,ls8,qg0651yd85t0,0.02411324864508426,0.8490538010424462,0.12169168643186284
0.20555460649196158,0.6954711337012691,0.013120002894251304,0.03428858417023023,0.0003006046919993328,0.055496391827218286,2021-04-07T01:39:17Z,ls8,qg0651yd85t0,0.03461444277640935,0.7020804837152737,0.2075080769890993
0.17072724948875256,0.8210180214723927,0.9433884447017112,0.0055911298568507165,3.195296523517383e-05,3.195296523517383e-05,2021-04-08T00:44:52Z,ls7,qg0651yd85t0,0.005605703898814272,0.8231581168384685,0.17117227333224688
0.2567010462958363,0.660067470202281,0.1627093809920046,0.026280389136498074,0.0005962784447502652,0.05001393476800232,2021-04-15T00:50:04Z,ls7,qg0651yd85t0,0.026457093465577716,0.6645056381024437,0.25842705521922593
0.16395829330653386,0.7995743611722803,0.8776039217105025,0.02680696983580391,0.0,0.0014187960923990955,2021-04-16T01:33:26Z,ls8,qg0651yd85t0,0.02703005671441019,0.8062283974001756,0.16532274979301503
0.2832008855337885,0.660683621115194,0.27442205419485544,0.04020335864617043,8.227087561142219e-05,0.0038916617221039407,2021-04-23T01:39:10Z,ls8,qg0651yd85t0,0.04069107507661288,0.668698530023129,0.2866364623025428
0.17599022200849562,0.7713899575218404,0.9097210665316016,0.005393724452993508,0.027690951350484893,0.0176524805642382,2021-04-24T00:43:07Z,ls7,qg0651yd85t0,0.005404382355525256,0.7729142102071391,0.1763379755226126
0.25067175022791766,0.7199823794846126,0.29165189392569013,0.017587010871091897,0.00020684952845968606,0.0056615482048780735,2021-05-01T00:48:43Z,ls7,qg0651yd85t0,0.017691839145691144,0.7242738711506178,0.2521658919703532
0.18975870069605566,0.7773596287703014,0.9922036105784885,0.023122969837587007,0.0,0.0002320185614849188,2021-05-02T01:33:17Z,ls8,qg0651yd85t0,0.023345425903401277,0.784838268666202,0.19158428686891196
0.1888140302230073,0.6857625345479492,0.000591512608082212,0.03172954227474375,0.016452697138244286,0.07013482523760482,2021-05-09T01:39:03Z,ls8,qg0651yd85t0,0.03197833446971632,0.6911396170385448,0.19029452611588976
0.11857431275349253,0.8752140603875619,0.8996508809377374,0.0045795403334835515,0.001063542136097341,0.002794051374493015,2021-05-10T00:41:47Z,ls7,qg0651yd85t0,0.004569331873392546,0.8732630812158693,0.11830999340014783
0.21778962331201138,0.31222277669403736,0.8803787851380196,0.022050840024800015,0.13534152943489242,0.3091684434968017,2021-05-17T00:47:22Z,ls7,qg0651yd85t0,0.022187714801606025,0.31416081727778317,0.21914149498891666
0.09218416604317345,0.8686260980408457,0.9347219709851308,0.02359963421730817,0.0006373486297004461,0.008008424086236041,2021-05-18T01:33:22Z,ls8,qg0651yd85t0,0.023766113266492885,0.8747536526278067,0.09283446138976395
0.18627802464148657,0.691198635516955,0.032762924640932,0.032320874196757866,0.014768808396358387,0.06845979487870014,2021-05-25T01:39:13Z,ls8,qg0651yd85t0,0.03256862308572104,0.696496873830675,0.18770589980854538
0.10218620392831988,0.8749289850536035,0.9075359068051083,0.005301666797088976,0.006710227717348775,0.01383128570310666,2021-05-26T00:40:49Z,ls7,qg0651yd85t0,0.0052857017943856045,0.872294295974443,0.101878488810716
0.21478713930395166,0.7106850265172229,0.13672262219167175,0.017105065198213882,0.003840858944298116,0.05106058415420431,2021-06-02T00:46:00Z,ls7,qg0651yd85t0,0.01715082000978808,0.7125860575334797,0.2153616793582298
0.19798159200402674,0.7636177624377811,0.7735917658550704,0.02143492885277598,0.0019494579068894161,0.00814937321732461,2021-06-03T01:33:07Z,ls8,qg0651yd85t0,0.021584660358965082,0.7689519363232126,0.19936457219360829
0.22644388590817163,0.6664877609520468,0.13419919684526604,0.03164433218004647,0.013534406391549248,0.05330399973257116,2021-06-10T01:39:21Z,ls8,qg0651yd85t0,0.031938181527192765,0.672676767954073,0.22854664439461375
0.2341896650181324,0.705262357158059,0.14155963966571394,0.014306340780886833,0.006500717502207294,0.03673695589415947,2021-06-18T00:44:42Z,ls7,qg0651yd85t0,0.014351400126408866,0.7074836561416065,0.23492727033561786
0.17260898788883866,0.790015829941203,0.7120364675662965,0.02223497411930248,0.0010176390773405698,0.007651138248153173,2021-06-19T01:33:13Z,ls8,qg0651yd85t0,0.02238107826109512,0.7952069574062877,0.1737431870071233
0.24377474895293771,0.6781997506513728,0.01483484678557212,0.03018366968467865,0.004557314379410193,0.034323077233809327,2021-06-26T01:39:25Z,ls8,qg0651yd85t0,0.030467749710825023,0.6845827718317067,0.24606908684424875
0.19768604057787395,0.7959819810308115,0.8972016207807243,0.0053608193000052795,3.5193299195833114e-05,0.00019356314557708213,2021-06-27T00:37:47Z,ls7,qg0651yd85t0,0.005364803055301379,0.7965734946139178,0.19783294588600778
0.25092811229034084,0.6931544528743281,0.15716688976520388,0.017692660993486226,0.0043976091085666455,0.029225106506272334,2021-07-04T00:43:22Z,ls7,qg0651yd85t0,0.017777319709855896,0.69647117082014,0.2521287938551652
0.29131205330337595,0.6635543977222104,0.8132158749683441,0.020609250614964464,0.0012202444362664393,0.014294291967692576,2021-07-05T01:33:40Z,ls8,qg0651yd85t0,0.020799603323709115,0.669683168698198,0.29400269157413383
0.24112800973360657,0.7173341444672132,0.9435042147534459,0.025440893954918026,0.0013447745901639344,0.0038422131147540983,2021-07-12T01:39:27Z,ls8,qg0651yd85t0,0.025722994148876445,0.7252882714584182,0.2438017466877873
0.15436820905121348,0.36720982973970145,0.9465594587750081,0.008477812002843314,0.23244084893206512,0.23650272484175608,2021-07-13T00:36:49Z,ls7,qg0651yd85t0,0.008493815392671052,0.3679030041167613,0.15465960671674647
0.38604148725864545,0.5064206678040458,0.6660124452805615,0.012825737265415547,0.035339995125517915,0.05202697213421074,2021-07-20T00:42:00Z,ls7,qg0651yd85t0,0.012929800118682853,0.5105295606150132,0.3891736720065752
0.17670692057594053,0.763252349137161,0.9493705003436923,0.02184143770767087,0.0013576762299474794,0.027546536139197542,2021-07-21T01:33:43Z,ls8,qg0651yd85t0,0.02205251877033795,0.7706286088456706,0.17841466001484646
0.23979875745882923,0.684985865326551,0.11632176838754027,0.030629601956951174,0.004006018238948651,0.031094234568027596,2021-07-28T01:39:34Z,ls8,qg0651yd85t0,0.030933698096085788,0.6917865268989849,0.24217952219795302
0.31349763070761544,0.6726615381565122,0.9087641546977316,0.0064500267660645965,0.0007137617225449571,0.002676606459543589,2021-07-29T00:35:26Z,ls7,qg0651yd85t0,0.006476021810841852,0.6753725140080101,0.31476109599905955
0.28636118848067227,0.6587831820679463,0.14078180963062115,0.017830389079418012,0.005223234868724381,0.025888802571827373,2021-08-05T00:40:36Z,ls7,qg0651yd85t0,0.01793987762822832,0.6628284787950107,0.2881196061362093
0.25773087693230845,0.7082117038603308,0.7467747187149525,0.02352944538103266,0.0,0.00032145612481069804,2021-08-06T01:33:51Z,ls8,qg0651yd85t0,0.023772154315126613,0.7155169890029788,0.260389400557084
0.2736053964568126,0.656107896172962,0.012224593900365455,0.030550267185777445,0.004539777534419169,0.024762755877537717,2021-08-13T01:39:40Z,ls8,qg0651yd85t0,0.030882216301655926,0.6632369479331671,0.27657830235322
0.2752752024952197,0.6665093791126102,0.1381806012807062,0.015348980230085789,0.007260232856384241,0.029490104548192706,2021-08-21T00:39:11Z,ls7,qg0651yd85t0,0.015447060491143536,0.6707683860903288,0.2770342160139507
0.2839855702551794,0.6830658177454242,0.7482779204804457,0.02229984837270134,1.4372255797408682e-05,0.00020121158116372155,2021-08-22T01:33:32Z,ls8,qg0651yd85t0,0.022535010890119382,0.690269071981891,0.2869803332910285
0.3150445470818929,0.6282009674642327,0.7352447451249955,0.031762479332067065,0.0006832374523441877,0.011348574083436957,2021-08-29T01:39:45Z,ls8,qg0651yd85t0,0.032184678857879005,0.6365512649270076,0.3192322446793322
0.24558644248077238,0.7455643511700214,0.9115661517311241,0.00457965144820815,0.0,0.0,2021-08-30T00:32:38Z,ls7,qg0651yd85t0,0.0045992883623768395,0.7487612283421671,0.24663948329545615
0.29652224859863285,0.6683998856380445,0.1648420824138056,0.017447757379378464,0.0018345563709139426,0.00916628401618395,2021-09-06T00:37:48Z,ls7,qg0651yd85t0,0.01756549903717864,0.6729104086180056,0.298523251957718
0.2638645919430768,0.7016650195852948,0.7986541731485837,0.023053059977719483,0.00015272936356775792,0.0002695224062960434,2021-09-07T01:33:37Z,ls8,qg0651yd85t0,0.023309457515816,0.7094689806977887,0.2667993100165314
0.2920081185298027,0.640894576294772,0.012050938822763313,0.030355208566019365,0.004983905756209742,0.020148015775654664,2021-09-14T01:39:49Z,ls8,qg0651yd85t0,0.03072108076361697,0.6486192969649454,0.29552770073957335
0.2668732776946697,0.7255436579796867,0.9081002858073153,0.003564286276671129,0.0,5.905046846704984e-05,2021-09-15T00:31:14Z,ls7,qg0651yd85t0,0.003578456827644875,0.7284282055695851,0.2679342871343029
0.30533862247672666,0.6535965321987268,0.15183061394305564,0.017812342045490905,0.003235334890218284,0.012983993943077726,2021-09-22T00:36:23Z,ls7,qg0651yd85t0,0.017940601712717125,0.6583028236850417,0.30753724576894514
0.3004833360598445,0.664711782989545,0.756734560978257,0.022701551136955142,0.00016359066640888743,0.00028256569652444194,2021-09-23T01:34:03Z,ls8,qg0651yd85t0,0.022969429273596704,0.6725553771455879,0.30402903721788205
0.2761143341679862,0.6452705978700041,0.0016171629101696672,0.02953732927964981,0.0033301565789616724,0.03406434920623417,2021-09-30T01:39:53Z,ls8,qg0651yd85t0,0.029900231181490034,0.6531985295036178,0.2795067335296964
0.2702883044431162,0.716115560868699,0.9092109547411454,0.00759035664474995,0.0,0.0,2021-10-01T00:29:48Z,ls7,qg0651yd85t0,0.0076362180756032886,0.7204423778833507,0.27192140404104587
0.2959174264953727,0.6646975547524674,0.15208205202416702,0.014754173902283969,0.0020288173125744004,0.016047070268332957,2021-10-08T00:34:58Z,ls7,qg0651yd85t0,0.014853329159509134,0.6691646470786746,0.29790613618090894
0.3055381787456085,0.6534475755644169,0.755945877500814,0.02335789145999792,0.0007486028550675224,0.004595383862790732,2021-10-09T01:33:46Z,ls8,qg0651yd85t0,0.023650651478553584,0.6616376694637319,0.30936769233985634
0.1988741172348939,0.7937206129109583,0.9018975435042147,0.0030291519923293935,0.0002212674939612413,0.0014751166264082754,2021-10-17T00:28:23Z,ls7,qg0651yd85t0,0.0030373049916170253,0.7958569215570839,0.19940938933092947
0.27465655567251157,0.6757995515733446,0.15449513404001303,0.016487060665964927,0.005248046691141862,0.021141947575158533,2021-10-24T00:33:32Z,ls7,qg0651yd85t0,0.01660073493687046,0.6804590250149611,0.276550245781868
0.18568492737092826,0.7813436881478749,0.730391447487428,0.02227199838974807,0.00022140964138347478,0.0007984165855949545,2021-10-25T01:33:48Z,ls8,qg0651yd85t0,0.022489913084921685,0.7889885464425374,0.18750171424556256
0.22078099456836991,0.6955941781363707,0.14244238631019135,0.025203607024205026,0.006758424299952539,0.04038390550018457,2021-11-01T01:39:58Z,ls8,qg0651yd85t0,0.02550551349153204,0.7039264926662991,0.22342566404203165
0.424639220894201,0.5559141212926073,0.9959136789551752,0.007808764940239044,0.0,0.0,2021-11-09T00:32:02Z,ls7,qg0651yd85t0,0.00790071258694591,0.562459970170779,0.42963931724227505
0.10142212669605244,0.729880004827392,0.685237509496762,0.0205621612923618,0.05408403110219704,0.0888757348842288,2021-11-17T01:39:52Z,ls8,qg0651yd85t0,0.02068709731638094,0.7343147675217241,0.1020383691754691
0.1475,0.04675,0.9999276437176657,0.6609999999999998,0.0,0.125,2021-11-18T00:25:22Z,ls7,qg0651yd85t0,0.6762642502192341,0.04782958199356915,0.15090616778719676
0.29206248137901686,0.5615509257288783,0.5749972866394124,0.018021281123643325,0.07286656735475633,0.048772079165779955,2021-11-25T00:30:28Z,ls7,qg0651yd85t0,0.018160356733063425,0.5658845819589953,0.29431641478740495
0.06737680043309519,0.5650158216989836,0.7627636482037553,0.016039161564327595,0.1424105406827349,0.20606333254542544,2021-11-26T01:34:07Z,ls8,qg0651yd85t0,0.016115701101361717,0.567712100381404,0.06769832528907388
0.19256637304017468,0.5838112733270747,0.17530480083933286,0.0339695508742992,0.04163778657097485,0.13987251813962467,2021-12-03T01:39:54Z,ls8,qg0651yd85t0,0.03431088234631753,0.5896775022343398,0.19450131070874316
0.2363881371875113,0.6478588871603778,0.0,0.07385228464961469,0.013754929271734018,0.154601859556456,2021-12-11T00:28:58Z,ls7,qg0651yd85t0,0.06410478598783766,0.5623503119608821,0.20518811322309016
0.11399003218470974,0.8471333812834649,0.7510166057667957,0.023318294428339985,0.00058121371954985,0.006778405004250125,2021-12-12T01:34:07Z,ls8,qg0651yd85t0,0.023512494936359696,0.8541885170487018,0.1149393692911385
0.17614554466191518,0.6636271480771319,0.0,0.03462622553453204,0.021837126008465685,0.09634962555623892,2021-12-19T01:39:52Z,ls8,qg0651yd85t0,0.03491983324950265,0.6692542716671711,0.17763914351862164
0.07095446985597978,0.7728195425923639,0.7509333960421114,0.020795706265569504,0.0361539411281947,0.09538888364357356,2021-12-20T01:33:38Z,ls9,qg0651yd85t0,0.02088921220504678,0.7762944530596336,0.0712735099635514
0.2530834117037406,0.6449081146958908,0.6230020621540465,0.040467343531082674,0.0015018329078939792,0.049248603727232595,2021-12-27T01:39:50Z,ls9,qg0651yd85t0,0.04093264969646737,0.6523234697869443,0.2559934438814617
0.090955256219282,0.8485560432382484,0.7729152346152455,0.022325529525159916,0.0033934218596907684,0.029744218835881055,2021-12-28T01:33:38Z,ls8,qg0651yd85t0,0.022442178859222343,0.8529896893583477,0.09143049108685813
0.10193329011727266,0.7837362248806649,0.693046561267682,0.02149608108904473,0.002534032647769462,0.08213212328363487,2022-01-04T01:39:47Z,ls8,qg0651yd85t0,0.021689634858858716,0.7907930972583349,0.10285111195140204
0.04838741417763588,0.327945438113147,0.7518143337795304,0.01667461115727176,0.00023323275170915875,0.6461786271337152,2022-01-05T00:20:43Z,ls7,qg0651yd85t0,0.015002119029764338,0.29505194762494347,0.043534073459867796
0.36725392048633687,0.6264717891330318,0.8803824029521363,0.07991470957400153,0.0015273640116745051,0.08220545314319416,2022-01-12T00:25:51Z,ls7,qg0651yd85t0,0.06820088411376138,0.534644123953653,0.31342217477771694
0.097671837699303,0.8659338597513753,0.7734361998480518,0.022536387516068,4.790457408841588e-05,0.007321415739846226,2022-01-13T01:33:59Z,ls8,qg0651yd85t0,0.022684671913680152,0.871631511190571,0.09831449658181408
0.19124086376333352,0.6421467804263816,0.00013747693643495484,0.03239591926823268,0.020047255148857336,0.10608346721086072,2022-01-20T01:39:44Z,ls8,qg0651yd85t0,0.032698470800662675,0.6481439089799615,0.1930268978596578
0.06993686598467662,0.3573309649160353,0.7464310263738649,0.01858808086860991,0.00014267574084378433,0.5961491817546263,2022-01-21T00:18:49Z,ls7,qg0651yd85t0,0.01683090747952899,0.32355165939851943,0.06332557562648147
0.24102322636662932,0.6209792880141818,0.0,0.07065449875185413,0.03691617524691582,0.16004305198798885,2022-01-28T00:24:18Z,ls7,qg0651yd85t0,0.060835272214855136,0.5346785370144362,0.20752696353580402
0.14969846062096986,0.771760222147676,0.9029376650627691,0.02188639159118864,0.004249133400424913,0.042864065004286404,2022-01-29T01:33:30Z,ls8,qg0651yd85t0,0.02210776761191274,0.7795664064709512,0.1512126275124247
0.19729546684912555,0.7037044542023189,0.037675916211425076,0.03628385389253974,0.0012650566173927427,0.05254214349087956,2022-02-05T01:39:40Z,ls8,qg0651yd85t0,0.03662873744666745,0.7103932721525724,0.19917079029248785
0.07130791110254062,0.335845138807584,0.737344886219746,0.01723493639850965,6.887004910434502e-05,0.6153056797129496,2022-02-06T00:17:13Z,ls7,qg0651yd85t0,0.015620129188290055,0.3043785212858284,0.0646267997638276
0.1883712500294079,0.6587813873692251,0.0004504178575305273,0.03479806214947943,0.02062178434988445,0.0891939678339978,2022-02-21T01:39:34Z,ls8,qg0651yd85t0,0.035122923306103705,0.6649315138487972,0.19012981066121679
0.060241058388490094,0.3988016997607284,0.767150247820267,0.019833053665206175,0.00025636244989279386,0.568106957521519,2022-02-22T00:16:01Z,ls7,qg0651yd85t0,0.017876604388187126,0.3594615502133272,0.05429852542707391
,,1.0,,,,2022-03-02T01:33:22Z,ls8,qg0651yd85t0,,,
0.18352065771860646,0.6577932781013714,0.0,0.03505922361709055,0.01722983973083463,0.09899062986143772,2022-03-09T01:39:31Z,ls8,qg0651yd85t0,0.0353555147725822,0.6633523952276356,0.18507162040750996
0.05961563447379818,0.20134798614118668,0.9832929344090301,0.00649090515374621,0.0,0.7449112169770463,2022-03-10T00:14:04Z,ls7,qg0651yd85t0,0.006190798572682513,0.1920386749906428,0.05685930945962834
0.19900359506069926,0.7224651695930806,0.13204117072464816,0.022438889178346282,0.004120252175272235,0.047877872140884695,2022-03-17T00:19:31Z,ls7,qg0651yd85t0,0.02253621839273422,0.7255988794135738,0.19986677787753515
0.09778374285910937,0.846192519176207,0.7634655041423972,0.021955705447342863,0.0003211966870855989,0.02796705439695322,2022-03-18T01:33:40Z,ls8,qg0651yd85t0,0.02208708030910493,0.8512558238146068,0.0983688447922494
0.2121791206504478,0.7159032426788047,0.035098223653268645,0.036073315998552735,0.002828931211416209,0.022965147342510643,2022-03-25T01:39:21Z,ls8,qg0651yd85t0,0.03644933987889434,0.7233657314411913,0.21439085012598738
0.09327079341492979,0.48686919798224704,0.7687040989833942,0.022170961561021392,1.5641496891252494e-05,0.44938802643412973,2022-03-26T00:12:30Z,ls7,qg0651yd85t0,0.02026735534857178,0.44506644498127756,0.08526253173912969
0.19356266211172268,0.7728117289808311,0.7712528490286169,0.02147664009615993,0.0,0.0020797747833238437,2022-04-03T01:33:30Z,ls8,qg0651yd85t0,0.02169555210755575,0.7806890212045677,0.19553565190455263
0.1960255268775864,0.6600241306393354,0.28485221229333235,0.021342134018636744,0.017597154911622167,0.09539949614010948,2022-04-10T01:39:21Z,ls8,qg0651yd85t0,0.02157593053737425,0.6672544921341829,0.19817292627671135
0.2608140617043319,0.7035887080253092,0.6909536558011649,0.02200729307509058,0.00012877018618998284,0.0019315527928497427,2022-04-19T01:33:11Z,ls8,qg0651yd85t0,0.022264524432177316,0.7118125762483895,0.26386257634039345
0.35117276775743306,0.5608323647253481,0.6031493071885967,0.039190608376977666,0.007188210787330152,0.02865256373440541,2022-04-26T01:39:19Z,ls8,qg0651yd85t0,0.039724722258128585,0.5684757355073763,0.3559587677127595
0.12063079208395226,0.7674091714983948,0.8112495929959118,0.019769610426949063,0.02967080358426374,0.055709425463606306,2022-05-05T01:33:36Z,ls8,qg0651yd85t0,0.0199179178962083,0.7731661140811434,0.12153573897477823
0.183046159302797,0.7548739359546005,0.6429941029629898,0.022821595054722334,0.0005472233481961897,0.02619578435346575,2022-05-12T01:39:27Z,ls8,qg0651yd85t0,0.02311888532202014,0.7647074587060986,0.1854306482702193
0.30271761838440114,0.6475626740947076,0.9792192757136138,0.022365947075208913,0.013144150417827297,0.008791782729805015,2022-05-21T01:33:18Z,ls8,qg0651yd85t0,0.022490529717574686,0.6511697231843295,0.3044038139504635
0.11545066352278117,0.7450217100628299,0.7483701747404219,0.018484824522306733,0.06423878193607753,0.05201069687863931,2022-06-06T01:33:25Z,ls8,qg0651yd85t0,0.01858563004065797,0.7490846266231239,0.11608026452150116
0.17846509761480606,0.691509579079849,0.4049672587822438,0.02031351650422866,0.011284526943632085,0.09104533874860919,2022-06-13T01:39:41Z,ls8,qg0651yd85t0,0.02048194868573337,0.697243321286009,0.1799448643360163
0.21001791948589618,0.7584972966292831,0.7072555262110634,0.021133561961256837,0.0004387184478017734,0.0027064602836222077,2022-06-22T01:33:35Z,ls8,qg0651yd85t0,0.021287444190660063,0.7640202300191022,0.2115471470588138
0.23445310444456574,0.5466774723610854,0.635619188886075,0.019603151357496386,0.11507319906471998,0.07579540997929873,2022-06-29T01:39:47Z,ls8,qg0651yd85t0,0.01980873861951265,0.552410730381649,0.2369119219548197
0.1947380548063796,0.7727124163420239,0.7283654715820701,0.02109546165884195,0.00033962641094795724,0.0033962641094795725,2022-07-08T01:33:36Z,ls8,qg0651yd85t0,0.021260166701535185,0.7787454500618555,0.19625849271618181
0.25123244779319837,0.6861831068472619,0.02480735139828516,0.030098310907316923,0.002593182045831432,0.020571093625372374,2022-07-15T01:39:45Z,ls8,qg0651yd85t0,0.030388303861233253,0.6927943836958159,0.25365303677174694
0.18576554334247464,0.7184108128885374,0.7552856264245142,0.020069262213286223,0.02605648898974742,0.04255523606070238,2022-07-24T01:34:06Z,ls8,qg0651yd85t0,0.020224359347037986,0.7239627587822695,0.1872011568202428
0.21379566585868814,0.6745461090409174,0.0,0.02878978691074852,0.006475887268912123,0.06819217828587967,2022-07-31T01:39:57Z,ls8,qg0651yd85t0,0.0290472057921576,0.6805774459655868,0.21570728268746386
0.18109756097560975,0.05964131994261119,0.9974783835606527,0.008242467718794834,0.15064562410329985,0.5961262553802008,2022-08-09T01:34:15Z,ls8,qg0651yd85t0,0.008383056081406527,0.060658597267897185,0.18418646716719564
0.3750990243853225,0.5419564756802566,0.8207065590969936,0.029841399558097996,0.015325322598545153,0.024203718837333656,2022-08-16T01:40:04Z,ls8,qg0651yd85t0,0.03026918521948093,0.5497255888191452,0.38047618452549514
,,1.0,,,,2022-08-25T01:33:54Z,ls8,qg0651yd85t0,,,
0.26783039654177054,0.666556073375509,0.09445569986614089,0.031082354680255612,0.0033239912665325617,0.019674272826970672,2022-09-01T01:40:04Z,ls8,qg0651yd85t0,0.03145364584022704,0.6745183523024272,0.2710297377638425
0.24547181680011057,0.6824673117059729,0.0050215259939944135,0.030573754099672026,0.0062776796038135135,0.02511617252437987,2022-09-17T01:40:11Z,ls8,qg0651yd85t0,0.030895699705106246,0.6896537812229302,0.24805666694377015
0.20899144893463958,0.7563600495412982,0.7560923989725408,0.02228572276155655,4.4498171866772475e-05,0.0016686814450039677,2022-09-26T01:34:00Z,ls8,qg0651yd85t0,0.0225260276113312,0.7645158087251153,0.21124498404668263
0.20831145348120167,0.6701122674534434,0.046624579429108914,0.0289008528683509,0.011260898025785275,0.07230122665047577,2022-10-19T01:40:06Z,ls8,qg0651yd85t0,0.029191137286959733,0.6768429736663867,0.2104037643703925
0.1258233481238231,0.8199746541827114,0.7223743714047972,0.020858630283364932,0.00020198466219694156,0.02696169458615949,2022-10-28T01:33:59Z,ls8,qg0651yd85t0,0.02099197631988563,0.8252166268672694,0.12662771756448843
0.2331614007281582,0.6911165856964017,0.055001628016352555,0.031266294548002165,0.00028138602717385063,0.033475366280382994,2022-11-04T01:40:11Z,ls8,qg0651yd85t0,0.03161637465573156,0.6988548281799397,0.23577204485677195
0.18139756189020725,0.7801487204522459,0.7443308852791144,0.022201374001514094,0.0012523082800925435,0.005412518837688111,2022-11-13T01:34:20Z,ls8,qg0651yd85t0,0.022417746603815885,0.7877519799989369,0.18316544627946657
0.24908898427983067,0.6689671674691107,0.5010600195361963,0.026429607285805446,0.009796101862056964,0.03458364754336098,2022-11-20T01:40:04Z,ls8,qg0651yd85t0,0.026741184497466437,0.6768535852459167,0.2520254808511989
0.08571260354907348,0.8664069246183405,0.737308708078579,0.022224953691270543,0.004696290481404204,0.015211298641381068,2022-11-29T01:34:19Z,ls8,qg0651yd85t0,0.022356064872824988,0.8715180999742775,0.0862182460301123
0.21373940997090468,0.6829877535630504,0.06928656705618463,0.028706942627746018,0.005109646522855416,0.05933137291867907,2022-12-06T01:40:06Z,ls8,qg0651yd85t0,0.02902101597611931,0.6904601010519875,0.21607786353035868
0.13317919921225266,0.8131080092081278,0.8640588256575377,0.02070138787241687,0.0019161421671035647,0.021277161980545835,2022-12-15T01:34:15Z,ls8,qg0651yd85t0,0.020911574722532297,0.8213637171013555,0.1345314040284629
0.6572340425531916,0.2401418439716312,0.9997449441047719,0.08368794326241134,0.0,0.0,2022-12-22T01:39:55Z,ls8,qg0651yd85t0,0.08530326031952576,0.24477698257789343,0.6699197571025808
0.17780949670526935,0.7900866919153219,0.7521128034441591,0.021891095105701378,0.0,5.10810948867824e-05,2022-12-31T01:33:46Z,ls8,qg0651yd85t0,0.02211583968040589,0.7981981041903504,0.17963497503435677
0.2612375187617517,0.6697130888180868,0.008134655041423966,0.03022083698841743,5.4712277252641236e-05,0.026502627101179413,2023-01-07T01:39:56Z,ls8,qg0651yd85t0,0.030606664534681426,0.6782632741706169,0.2645727219162696
0.1855982759980027,0.6907458411079866,0.9311692775225209,0.019195816141494307,0.008541168431841476,0.08722504007779033,2023-01-16T01:33:39Z,ls8,qg0651yd85t0,0.01938216819369755,0.6974515682358414,0.18740005506082924
0.25157586256206405,0.6625916231788044,0.0006638688904163637,0.029140994799557625,0.0027586057094449662,0.04188229586951288,2023-01-23T01:39:53Z,ls8,qg0651yd85t0,0.02951326643734604,0.6710561272371697,0.2547897047465263
0.19373870578571792,0.7725189306432568,0.7181143952823703,0.021692848708865956,0.00019251501617126136,0.0008342317367421325,2023-02-01T01:34:08Z,ls8,qg0651yd85t0,0.021934880313226598,0.7811380842957754,0.19590028863808467
0.2636584783473825,0.657435548641511,0.0,0.029916880720668573,0.0016605766795702037,0.03442892804167722,2023-02-08T01:39:54Z,ls8,qg0651yd85t0,0.03032267566952225,0.6663530566974648,0.2672347629117655
0.2379678492538118,0.7275616884866115,0.731399008718932,0.02180028015731911,0.0,3.367275470071656e-05,2023-02-17T01:33:36Z,ls8,qg0651yd85t0,0.022079294767223107,0.7368735110517004,0.24101352142637575
0.10323600404239504,0.8622199764472024,0.7834177489960565,0.021488670436227878,0.0005428836308057228,0.004535166331192423,2023-03-05T01:33:23Z,ls8,qg0651yd85t0,0.02166235955996138,0.8691891480680839,0.10407044240995648
0.23667366458840455,0.6906236415133611,0.0004974494410476815,0.029892207874471746,0.0033535730121528563,0.02876507795745143,2023-03-12T01:39:31Z,ls8,qg0651yd85t0,0.030226104716561886,0.6983379279234673,0.23931731639036655
0.15106407350149392,0.8180273307647327,0.7741742339278608,0.021620140819121926,0.0,0.0,2023-03-21T01:33:14Z,ls8,qg0651yd85t0,0.02182284129661513,0.8256967780609246,0.1524803806424603
0.15993278849974943,0.530249149057484,0.3718353171014074,0.01696451094562607,0.22586692468510808,0.05942775195673584,2023-03-28T01:39:21Z,ls8,qg0651yd85t0,0.017145849076491016,0.5359171220330093,0.16164235224865556
0.08883424798844647,0.6352385393026615,0.7808056872037915,0.016902826490612748,0.1852362285950072,0.0683804415102125,2023-04-06T01:33:02Z,ls8,qg0651yd85t0,0.01702618505393041,0.6398745753890467,0.08948256945180325
0.0,0.0,0.9995206396295359,0.0,0.9283018867924528,0.07169811320754717,2023-04-13T01:39:06Z,ls8,qg0651yd85t0,0.0,0.0,0.0
0.18122629894564557,0.6887998955144273,0.00972468434571827,0.034073823075967596,0.027432942912882414,0.06192596868355485,2023-04-29T01:39:02Z,ls8,qg0651yd85t0,0.034320343689997375,0.6937832920886036,0.1825374526249618
0.0719024761285844,0.6864697628735794,0.7550504685069281,0.01726636290459557,0.011446463781173151,0.20950721127218214,2023-05-08T01:32:44Z,ls8,qg0651yd85t0,0.017342221664771205,0.6894857278105722,0.07221837547130126
0.21187363121408226,0.6349657700604322,0.12117506602510764,0.030887981853809563,0.03544640945841361,0.07920845065784057,2023-05-15T01:38:49Z,ls8,qg0651yd85t0,0.03115605726874031,0.640476609618724,0.21371247299628154
0.09586431466707977,0.8672822270415409,0.7197424116348903,0.02092272739008081,0.004853742286938786,0.00667389564454083,2023-05-24T01:32:40Z,ls8,qg0651yd85t0,0.02101634347664459,0.8711627712233879,0.0962932473684878
0.19609885080080797,0.7164690684601942,0.04360189573459716,0.03536461919064301,0.007518213937160971,0.036991503945407365,2023-05-31T01:38:51Z,ls8,qg0651yd85t0,0.03564657673069918,0.722181383782476,0.19766232160425629
0.12598550022214142,0.8397832438036001,0.7312796208530805,0.020851407568964822,0.002901301883490179,0.00469189654940291,2023-06-09T01:33:10Z,ls8,qg0651yd85t0,0.02097370366928107,0.8447086770381879,0.126724420859638
0.2153848075492679,0.7165693017979098,0.036945117759849544,0.033725629043043166,0.0062847955281407075,0.019434781628712462,2023-06-16T01:39:00Z,ls8,qg0651yd85t0,0.03402600139408698,0.7229513208135421,0.21730310063551764
0.17097826497113316,0.7241877664993772,0.9041243080930502,0.020514131542205955,0.005697898192521037,0.07235576015999397,2023-06-25T01:32:52Z,ls8,qg0651yd85t0,0.02065451376077196,0.729143525172874,0.17214830271383902
0.2192848118771912,0.6518292728509595,0.03209724684345716,0.03380994475551136,0.026284116648849883,0.060537194716264606,2023-07-02T01:39:09Z,ls8,qg0651yd85t0,0.03411835691032804,0.6577752178108305,0.22128511391372702
0.16407863487690058,0.7912440943550908,0.7859719257624543,0.021058578926461513,0.0015128593040847202,0.015652600174105597,2023-07-11T01:33:27Z,ls8,qg0651yd85t0,0.021197762155307685,0.7964736926220196,0.1651630857444823
0.24633148329027726,0.67776123490374,0.2073586339133895,0.03564431248687779,0.006825837311838754,0.02419281221758697,2023-07-18T01:39:14Z,ls8,qg0651yd85t0,0.035987643433562415,0.6842895248375493,0.24870418219946264
0.15192002248928244,0.7917327791331588,0.8198274302666329,0.02084194251177173,0.005943596076423401,0.022067608405369317,2023-07-27T01:33:33Z,ls8,qg0651yd85t0,0.021003882832416693,0.7978844830852032,0.1531004296005874
0.16776955228679366,0.7147628004179728,0.7749538728700119,0.01931773973153284,0.04403183023872679,0.04588055622538381,2023-08-12T01:33:14Z,ls8,qg0651yd85t0,0.01949418844509344,0.7212914615547028,0.16930196353609325
0.2664523206319769,0.6641156994020457,0.008957707752975663,0.03579354881102748,0.004988427869486811,0.01814853212817686,2023-08-19T01:39:30Z,ls8,qg0651yd85t0,0.0361825180463264,0.6713326584443086,0.26934786351170137
0.2555055106242683,0.7119899476524335,0.7311566151731124,0.021449718076731576,1.3456957920092584e-05,0.0005517352747237959,2023-08-28T01:33:45Z,ls8,qg0651yd85t0,0.021677232848973164,0.7195419457812187,0.25821562913716434
0.25808841618236195,0.6767013673381105,0.03822220614304839,0.034917056931670694,0.003863153341232673,0.015298388158513419,2023-09-04T01:39:31Z,ls8,qg0651yd85t0,0.0353178825471178,0.6844694688298252,0.26105110712331103
0.24610944680253968,0.7208984459957204,0.7421674324373213,0.021879889150033333,0.0,0.00039288595783491776,2023-09-13T01:33:24Z,ls8,qg0651yd85t0,0.022117062469653302,0.7287128309943492,0.24877722057816248
0.2616938683400184,0.6693473054328122,0.006048985203140234,0.03470521005467027,0.002931884195124082,0.020233822769329324,2023-09-20T01:39:37Z,ls8,qg0651yd85t0,0.035103666859247935,0.6770322031197961,0.26469842305650254
0.17164385441322774,0.7954981304243421,0.7363427517094172,0.02183787863195088,0.0,0.0015368254948372269,2023-09-29T01:33:53Z,ls8,qg0651yd85t0,0.022047281677528435,0.8031261484232327,0.1732897444044017
0.24820761120497065,0.6967555784299465,0.02995188307224772,0.03473559566033022,0.0021519331968328915,0.006948096266377256,2023-10-06T01:39:39Z,ls8,qg0651yd85t0,0.035132737973157954,0.7047217905139186,0.25104544204971313
0.2609462005845254,0.6906569950776802,0.059223617090553904,0.0323698854022458,0.0006710506075988309,0.0032245039224734658,2023-10-22T01:39:42Z,ls8,qg0651yd85t0,0.03276897241299344,0.6991720772966111,0.2641633957603231
0.28360516370644223,0.6806153940777288,0.7353044390579212,0.02200329394720117,0.0007243950276431876,0.001312111748183887,2023-10-31T01:33:35Z,ls8,qg0651yd85t0,0.022265212965025948,0.6887171862894326,0.28698109396971433
0.29966221516579217,0.6568411880481195,0.6149072030679064,0.02262256502275855,0.0008643082950109683,0.00799015440116118,2023-11-07T01:39:42Z,ls8,qg0651yd85t0,0.0229002754416304,0.6649044488358162,0.30334081302638133
,,1.0,,,,2023-11-16T01:33:34Z,ls8,qg0651yd85t0,,,
0.2505039007754411,0.694481458851941,0.0022846496147027606,0.032203978917863425,0.004588827627969548,0.007663759140034484,2023-11-23T01:39:47Z,ls8,qg0651yd85t0,0.03255192787843183,0.7019850068563003,0.253210478497264
0.16174043621682832,0.8062916646152333,0.7428150211642126,0.021837427994682686,0.0,0.0013855968264909232,2023-12-02T01:33:56Z,ls8,qg0651yd85t0,0.022030347928379775,0.8134147440601185,0.16316931118501077
0.32840383999880907,0.6085422667827821,0.02790058246807281,0.03132939210563534,0.0071232387289819794,0.011671095430557726,2023-12-09T01:39:39Z,ls8,qg0651yd85t0,0.03174775885242872,0.6166686245359664,0.33278928245206507
0.2822391223453738,0.6844452861281661,0.7277739589739879,0.021632777822076916,0.0,0.0,2023-12-18T01:33:58Z,ls8,qg0651yd85t0,0.021888497055444614,0.6925360558522563,0.28557544709229904
0.27140955962278557,0.6622913556375172,0.32269273904706774,0.02973744020895817,0.005710027802333687,0.018075522996349108,2023-12-25T01:39:45Z,ls8,qg0651yd85t0,0.030131786480625984,0.671073958478188,0.27500870424250323
0.2175046308020694,0.686885460005065,0.0,0.030650519156325755,0.031782497015303356,0.0237726565609059,2024-01-02T01:39:49Z,ls9,qg0651yd85t0,0.030958788900662577,0.693793858654513,0.21969219886861518
0.12896321070234115,0.7407859531772576,0.997836547158207,0.018603678929765888,0.03177257525083612,0.06939799331103678,2024-01-03T01:33:27Z,ls8,qg0651yd85t0,0.018823077215825695,0.7495222450192023,0.1304841092030991
0.2594520362052355,0.6436492380344953,0.33349914981368256,0.03763678061092943,0.007659008562782429,0.0405694046762834,2024-01-10T01:39:39Z,ls8,qg0651yd85t0,0.03807820701834375,0.6511983367131965,0.26249504302939386
0.15851276477858753,0.8106680021026011,0.7453456821388518,0.02208448763301085,0.00044040972311014506,0.0008879228288510988,2024-01-11T01:33:38Z,ls9,qg0651yd85t0,0.02224949577194991,0.8167250508576943,0.15969712081839454
0.23983562270591502,0.7028546385498813,0.2962555623892045,0.029860864066789367,0.0026655082715579727,0.013836481220633141,2024-01-18T01:39:49Z,ls9,qg0651yd85t0,0.03019697333853822,0.7107658617542707,0.24253517541499994
0.18087340377443778,0.7880343824160921,0.7438877030498172,0.021942804271669114,2.8251779862131315e-05,2.8251779862131315e-05,2024-01-19T01:33:52Z,ls8,qg0651yd85t0,0.022144170509988213,0.7952660706401047,0.182533255290183
0.15944761086820736,0.7225212107016448,0.8609891103795086,0.018884030814074537,0.030983239641890484,0.06052206953987092,2024-01-27T01:34:00Z,ls9,qg0651yd85t0,0.01904422202853075,0.7286502808854535,0.1608001879042543
0.21448843833289388,0.6545528365990101,0.011815780905177098,0.03212750417362271,0.007371569575022698,0.08200802507102481,2024-02-03T01:39:51Z,ls9,qg0651yd85t0,0.03246446343007323,0.6614179088416607,0.21673803308221845
0.07746122307018306,0.8130889110354561,0.7295521146123511,0.019726370987699738,0.008059715468633995,0.07679136373061153,2024-02-04T01:33:27Z,ls8,qg0651yd85t0,0.01983195987120159,0.8174411129867173,0.07787584794283543
0.22656644869225015,0.6928543372914084,0.06418183133750588,0.032172173371812295,0.0008814336440902387,0.03694096134256261,2024-02-11T01:39:38Z,ls8,qg0651yd85t0,0.032530027065281235,0.7005610122732403,0.2290865656748255
0.09134123880766182,0.8670633571347612,0.7446402083860931,0.02139599625977559,0.002557236767539386,0.011560693641618497,2024-02-12T01:33:39Z,ls9,qg0651yd85t0,0.021528798044645785,0.8724450911762611,0.09190818036993519
0.2731256444027947,0.6730653613885585,0.1526048261640317,0.03617533733085428,0.00026469878772224557,0.004655710129211433,2024-02-19T01:39:42Z,ls9,qg0651yd85t0,0.03664349876245745,0.6817758051991658,0.27666028712144297
0.10154343882429843,0.8631685480731802,0.7537046416555118,0.021849041914848297,0.0010208803072923169,0.005464280205938732,2024-02-20T01:33:49Z,ls8,qg0651yd85t0,0.022003045667740008,0.8692526224366891,0.10225917138234
0.2205825018903417,0.7086306733305056,0.019156325747983094,0.029724360511222164,2.5819301772310643e-05,0.02946904450141084,2024-02-27T01:39:33Z,ls8,qg0651yd85t0,0.03008292351835426,0.7171788385662051,0.2232433741122575
0.09731262622745315,0.873688905912668,0.7402590354907566,0.021133017619611394,4.178563966850059e-05,0.0,2024-02-28T01:33:30Z,ls9,qg0651yd85t0,0.021299666026215545,0.880578544991138,0.09808000334297787
0.16672131147540983,0.6834724292101342,0.9987862233638436,0.05439642324888227,0.05067064083457526,0.03278688524590164,2024-03-14T01:39:22Z,ls8,qg0651yd85t0,0.05511516079288047,0.6925031203074772,0.16892419281916543
0.07425713623993976,0.29420589427363786,0.9375167323902898,0.007993457240460888,0.5530658328990794,0.06756991488622546,2024-03-15T01:33:31Z,ls9,qg0651yd85t0,0.00805519901311637,0.296478351971441,0.07483070123013781
0.1790572724761579,0.21389235602290332,0.6136301146847075,0.012870459237896373,0.4974835317636814,0.09167435262391557,2024-03-22T01:39:40Z,ls9,qg0651yd85t0,0.013029731307011875,0.216539276189625,0.18127310811576614
0.0,0.0,0.9996165117036286,0.0,1.0,0.0,2024-03-23T01:33:04Z,ls8,qg0651yd85t0,0.0,0.0,0.0
0.14191716979901287,0.287890921148954,0.0017076082630874678,0.03070626372590944,0.48549493002051186,0.04864317346650335,2024-03-30T01:39:08Z,ls8,qg0651yd85t0,0.031062828137703478,0.29123394125314545,0.1435651271221359
0.05608649476706015,0.20457930510678285,0.7189645815997974,0.008243457216050257,0.7039816686190961,0.025276451127045223,2024-03-31T01:33:46Z,ls9,qg0651yd85t0,0.008299636578593518,0.20597351807462175,0.056468725600643484
0.15825783819976127,0.35626453742249137,0.005795738214970481,0.03580008587814037,0.37505822246805043,0.06924288958108935,2024-04-07T01:39:31Z,ls9,qg0651yd85t0,0.0361498381454192,0.35974509694234,0.15980395286310098
0.06367610324729393,0.2507750981325086,0.7566802937665063,0.010034866777685262,0.624011240632806,0.04966843106934697,2024-04-08T01:32:57Z,ls8,qg0651yd85t0,0.010091592036333929,0.2521926836988506,0.06403605256266245
0.14859623786562873,0.40034963056008444,0.00922361709055386,0.03879792814224761,0.35189083493238343,0.05507731125883433,2024-04-15T01:39:04Z,ls8,qg0651yd85t0,0.039147001439217344,0.4039516622192968,0.14993319015026813
0.06094983091079382,0.28684578921403914,0.7469935964690134,0.011488771475759114,0.5876582753615935,0.05147032538054008,2024-04-16T01:33:38Z,ls9,qg0651yd85t0,0.011539518930229592,0.2881128257861306,0.06121905454150621
0.2928607675431623,0.4640971670217164,0.7155403205383307,0.054193252996725054,0.09915741947791804,0.07891005055483133,2024-04-23T01:39:11Z,ls9,qg0651yd85t0,0.054913557701437285,0.47026567240502604,0.29675329986078725
0.11233190271816881,0.10648783977110157,0.9974711479324192,0.011022889842632331,0.7546494992846924,0.011444921316165951,2024-04-24T01:32:49Z,ls8,qg0651yd85t0,0.011217742370660939,0.10837023405063557,0.11431760297784517
0.17820158236103734,0.52163561616725,0.19566585868818065,0.050382164029398276,0.13462213146460603,0.10870073675593497,2024-05-01T01:38:53Z,ls8,qg0651yd85t0,0.050815845702297475,0.5261257727736874,0.17973551330347412
0.049845160481444335,0.5218671639919759,0.9422886292102312,0.018528711133400204,0.034666499498495484,0.3736522066198596,2024-05-02T01:32:57Z,ls9,qg0651yd85t0,0.018573923390633858,0.5231405818940807,0.04996678859693033
0.15720673409837774,0.5681482430263417,0.0961506457798198,0.05035659820760269,0.06494138084240272,0.15350253969651728,2024-05-09T01:39:09Z,ls9,qg0651yd85t0,0.050736003846880984,0.5724288865769956,0.15839118903720328
0.22089471555179646,0.7344710035670945,0.9508103903621432,0.03474460339057846,3.6774169823116246e-05,0.0003309675284080462,2024-05-10T01:33:01Z,ls8,qg0651yd85t0,0.03507874381421881,0.7415344444567381,0.22301907003081198
0.14308844851709818,0.6254103444276092,0.001924677110090034,0.04889688557985775,0.04741044954653869,0.12990524797192962,2024-05-17T01:38:39Z,ls8,qg0651yd85t0,0.04921325285129412,0.6294568059117768,0.14401424371846094
0.07364802462801437,0.8214243512601647,0.7673130494555189,0.02361397453239424,0.018587620691263584,0.06143787801047935,2024-05-18T01:33:14Z,ls9,qg0651yd85t0,0.023647085247499106,0.8225761246576274,0.07375129139313047
0.16694166227560994,0.6602652058268448,0.13833254947360807,0.05623555937163459,0.02600205312513777,0.08414874030906042,2024-05-25T01:38:57Z,ls9,qg0651yd85t0,0.0566433831242509,0.6650534899120584,0.16815233352949252
0.09513760337061025,0.8189677506106989,0.8385695162982526,0.02709990811501312,0.017334887160753903,0.038883037134981285,2024-05-26T01:32:25Z,ls8,qg0651yd85t0,0.027174101720613263,0.821209904718018,0.09539806926563339
0.152564632885212,0.6665324457083763,0.9720125899931261,0.0440705791106515,0.07471561530506722,0.05590744570837642,2024-06-02T01:38:36Z,ls8,qg0651yd85t0,0.04438760514786475,0.6713272122896466,0.15366212154904493
0.03738153136960521,0.2690438631734016,0.7433649289099526,0.011350292162708902,0.6277515806390223,0.053082686628181545,2024-06-03T01:33:07Z,ls9,qg0651yd85t0,0.011399941740027217,0.2702207416092302,0.03754504938353881
0.1411697382130763,0.6009388476455095,7.235628233459579e-06,0.04736954067899625,0.1489030708228416,0.056642716563920004,2024-06-10T01:38:51Z,ls9,qg0651yd85t0,0.04766811122054724,0.6047265693461783,0.14205953204651278
0.06518411116145598,0.502283038815889,0.7604645273325856,0.0164229723606706,0.25949252378794746,0.1547802446760308,2024-06-11T01:32:50Z,ls8,qg0651yd85t0,0.01647464440037146,0.5038633854518558,0.06538920168379443
0.06984643281234953,0.5537757951153761,0.7745450598748236,0.01902740781154723,0.2934384928912995,0.0621810712795661,2024-06-19T01:32:29Z,ls9,qg0651yd85t0,0.019078652902680248,0.555267237952415,0.07003454497403942
0.18229770821718203,0.5316337403005253,0.3283835606526536,0.048789764142177276,0.08419453624324302,0.1456220726507812,2024-06-26T01:38:35Z,ls9,qg0651yd85t0,0.049267104906179304,0.5368350455379273,0.1840812406618692
0.24120807210031345,0.5886289184952976,0.9538366918707717,0.0234858934169279,0.04036050156739812,0.09807993730407523,2024-06-27T01:33:02Z,ls8,qg0651yd85t0,0.023712590397027746,0.5943106439401616,0.24353632679133724
0.11917986331055178,0.5070545090848475,0.7829673311385261,0.029165277546257713,0.20406734455742623,0.13509751625270877,2024-07-04T01:38:51Z,ls8,qg0651yd85t0,0.029407156760776366,0.511259713241779,0.12016826918730968
0.09803873481771566,0.5975529986526177,0.8133877211388879,0.021868014695191104,0.18392253036456868,0.09530548743250972,2024-07-05T01:32:38Z,ls9,qg0651yd85t0,0.021968970857246074,0.6003116696252356,0.09849134172044005
0.15734441590391088,0.6687730545204587,0.0,0.05338650917115878,0.05081581708331826,0.06337144097536268,2024-07-12T01:38:56Z,ls9,qg0651yd85t0,0.05376945547571912,0.6735702247006078,0.1584730617649922
,,1.0,,,,2024-07-13T01:32:47Z,ls8,qg0651yd85t0,,,
0.15554831785315054,0.6806060853644497,0.02583481060743098,0.05374634659021277,0.030341405806089822,0.07368839339099562,2024-07-20T01:39:07Z,ls8,qg0651yd85t0,0.05411291647664729,0.6852480696340209,0.15660921469224645
0.07744387554155178,0.8085133910988581,0.7244310987301472,0.02456846527504267,0.03318235525797558,0.05410266509124327,2024-07-21T01:32:48Z,ls9,qg0651yd85t0,0.024627537144270066,0.8104573626401373,0.07763007986637384
0.15965082667052574,0.70447984877537,0.0,0.05236111211605949,0.03967294960384935,0.03701928294924207,2024-07-28T01:38:59Z,ls9,qg0651yd85t0,0.05275052344715963,0.7097190888250614,0.1608381551746875
0.09456123338284213,0.7744521094430874,0.7052675373539308,0.023885561024709394,0.048123780180932156,0.055218677501319556,2024-07-29T01:32:59Z,ls8,qg0651yd85t0,0.023986106773045288,0.7777121487117364,0.09495928683296655
0.17112946945041113,0.46282046935167453,0.029009442494844606,0.043926670554022766,0.2427163304352038,0.07233463056765956,2024-08-05T01:39:07Z,ls8,qg0651yd85t0,0.04438496677278897,0.4676491729250676,0.17291489929928017
0.07135912849388729,0.48607086694059765,0.7147281212691292,0.0175352559224877,0.34535585654136863,0.07687820220159286,2024-08-06T01:32:52Z,ls9,qg0651yd85t0,0.017620671195917315,0.48843854701264366,0.07170672304847761
0.10628167976662367,0.6437428402515969,0.44006548243551247,0.028381355740559465,0.13108679569558995,0.08595897823565708,2024-08-13T01:39:08Z,ls9,qg0651yd85t0,0.02854719255166292,0.6475043328587116,0.10690270065837859
0.09374270699993263,0.744043252711716,0.7315039253283167,0.023768712524422288,0.08274607559118777,0.05174829886141616,2024-08-14T01:33:24Z,ls8,qg0651yd85t0,0.023877712076604593,0.7474553172594491,0.09417259621134241
0.16989720683133588,0.6708866100873399,0.04832495206396292,0.055160224669980315,0.02990657758432252,0.06764049001625151,2024-08-21T01:39:17Z,ls8,qg0651yd85t0,0.05556095491964839,0.6757604944916864,0.1711314829880913
0.09078787264246603,0.7741896351468446,0.8037661444954958,0.026300676609944514,0.020685459338876496,0.08500027654357405,2024-08-22T01:33:29Z,ls9,qg0651yd85t0,0.026390268111487543,0.7768268605277928,0.0910971354782693
0.1594234092167291,0.6293412255047242,0.029555732426467918,0.052377064611794276,0.01657840631821071,0.13615766448392394,2024-08-29T01:39:19Z,ls9,qg0651yd85t0,0.052758289831565844,0.6339218706550886,0.16058376871121086
0.10401802333791192,0.7651170104879396,0.8590879490611772,0.0262954595052568,0.03391571136985071,0.06686863759483434,2024-08-30T01:33:08Z,ls8,qg0651yd85t0,0.026406615493212608,0.768351307921897,0.1044577276202054
0.17308326763647444,0.5974919862682321,0.06154444484642374,0.05249679547106092,0.01414811573698383,0.1562884904885726,2024-09-06T01:39:26Z,ls8,qg0651yd85t0,0.05291082335536092,0.6022042423353136,0.17444832808376906
0.14463299534468463,0.7591787832408646,0.8865381136717195,0.031938333014476114,0.027150691920158152,0.03155092149735349,2024-09-07T01:33:04Z,ls9,qg0651yd85t0,0.03212770264622833,0.7636801267064504,0.14549055722980958
0.22305593451568884,0.6493543255767714,0.344991136355414,0.06694080673401416,0.00567519649159629,0.04610579339523118,2024-09-14T01:39:22Z,ls9,qg0651yd85t0,0.06757276138722873,0.6554845547696134,0.22516169395633043
0.17074392626571525,0.6888676520557255,0.9148221844361637,0.03592507645259939,0.0414118246687054,0.055385660890248045,2024-09-15T01:33:17Z,ls8,qg0651yd85t0,0.036232597750743896,0.6947644098507839,0.17220550683951868
0.08587330388135059,0.75249195329757,0.8853514706414385,0.019985642158409596,0.04605553802461344,0.09092773745661092,2024-09-23T01:33:31Z,ls9,qg0651yd85t0,0.020094280143786038,0.7565823502520573,0.08634009412293227
0.14962205356491273,0.6670806575202509,0.008501863174270152,0.04756327081660949,0.0423848792235277,0.08700649492811793,2024-09-30T01:39:27Z,ls9,qg0651yd85t0,0.04791232642916611,0.6719762049360961,0.150720094483092
0.08413244795989779,0.8219680028644436,0.7777106472269455,0.0250884559673193,0.00831665120518204,0.05644255651579513,2024-10-01T01:33:35Z,ls8,qg0651yd85t0,0.025197623451911174,0.825544635057537,0.08449853376957467
0.13581435585913176,0.4995304946739488,0.23888064831228972,0.03929045398586374,0.20826975820059795,0.1114810748118889,2024-10-08T01:39:25Z,ls8,qg0651yd85t0,0.039617402788463915,0.50368725237277,0.13694451182627923
,,1.0,,,,2024-10-09T01:33:14Z,ls9,qg0651yd85t0,,,
0.17675225225225225,0.4381308391725058,0.5662964436887232,0.04853832999666334,0.22985485485485485,0.09934100767434101,2024-10-16T01:39:35Z,ls9,qg0651yd85t0,0.04907847641989583,0.4430064664489932,0.17871919460191496
0.10095262292631892,0.4701497534000897,0.9394830143627221,0.022303392616948137,0.21739650276490807,0.18451651472126737,2024-10-17T01:33:25Z,ls8,qg0651yd85t0,0.022479337896974382,0.47385863444060866,0.10174901017624152
0.14084599181376695,0.480439055964202,0.03303787851380191,0.046286151497691524,0.10840024244419667,0.21813804353519556,2024-10-24T01:39:36Z,ls8,qg0651yd85t0,0.04669457124105351,0.48467835410390064,0.14208878867565364
0.056790171705201585,0.3520951312372356,0.7130277486342751,0.014940432666851567,0.20673961826479412,0.3669725927233302,2024-10-25T01:33:56Z,ls9,qg0651yd85t0,0.015027223392362045,0.35414049314677304,0.05712007247274058
0.1434893905012142,0.5417548107372543,0.00036539922578782136,0.04822897553101778,0.04784317557517127,0.21265865389835292,2024-11-01T01:39:37Z,ls9,qg0651yd85t0,0.0486251444512777,0.5462049657748077,0.14466806030039042
0.5219117647058824,0.42172794117647056,0.9995079772801273,0.037647058823529415,0.0,0.0,2024-11-02T01:33:41Z,ls8,qg0651yd85t0,0.038364991944850324,0.4297703345697051,0.5318646734854445
0.15351401561471167,0.6335967381315893,1.4471256466808136e-05,0.04743728428471163,0.004250993104346505,0.15487181899090469,2024-11-09T01:39:34Z,ls8,qg0651yd85t0,0.0477970450991392,0.6384018883834628,0.15467825442214683
0.07991856083627082,0.38086908958308013,0.9851181216309106,0.02002309468822171,0.11559499209918561,0.39832259632916006,2024-11-10T01:33:49Z,ls9,qg0651yd85t0,0.02024263029105316,0.38504498379341273,0.08079479748718837
0.2071927192412484,0.6483296197038947,0.35134582685141635,0.06137823524982642,0.005939947962709397,0.06828988061541208,2024-11-17T01:39:40Z,ls9,qg0651yd85t0,0.06197197489890714,0.6546012076588892,0.2091969888640823
0.07368125685964563,0.5475945854530645,0.7379454433631201,0.018941595510426658,0.005177091027065832,0.3510757995154243,2024-11-18T01:33:49Z,ls8,qg0651yd85t0,0.019046025050194038,0.5506136051817084,0.07408747922560732
0.22746079693719193,0.601495175195954,0.630518070981513,0.06244554654185658,0.034848254894569095,0.06408103516648145,2024-11-25T01:39:43Z,ls8,qg0651yd85t0,0.06312290452301911,0.6080197006443242,0.22992810477160605
0.06919696676233573,0.5907713391908627,0.6918002243044752,0.019125831235070053,0.14222996965588483,0.1738477159743865,2024-11-26T01:34:02Z,ls9,qg0651yd85t0,0.01926181076557809,0.5949715649668528,0.06968893863729766
0.15010596577547844,0.6550164791433017,0.0,0.04718557577511667,0.026131471365001265,0.11465757389385334,2024-12-03T01:39:46Z,ls9,qg0651yd85t0,0.04756773681273297,0.6603215278411961,0.15132169008721622
0.06402723674191176,0.6487742207510243,0.7125592417061611,0.02039074152155718,0.07801614821620736,0.1855786234369395,2024-12-04T01:33:31Z,ls8,qg0651yd85t0,0.020480098787912973,0.651617309649343,0.06430781990959715
0.05572848749287254,0.6588011007263802,0.9270341159871206,0.01910032972209138,0.08488484517936386,0.17728140416986884,2024-12-12T01:33:28Z,ls9,qg0651yd85t0,0.019209778081383775,0.6625761507189011,0.05604782185048246
0.13547746215034884,0.3355349809507434,0.0005517166527984063,0.043862610064885114,0.14875614236717555,0.3307240527406496,2024-12-19T01:39:42Z,ls9,qg0651yd85t0,0.04434349089676234,0.33921356598079105,0.13696274801462144
0.05542122819978956,0.34026865471153206,0.7576046452733258,0.014072880053133934,0.13031246035477348,0.45727270692009764,2024-12-20T01:33:47Z,ls8,qg0651yd85t0,0.01416396265752797,0.3424709441610097,0.05577992590659115
0.14617561058577877,0.540672377168127,0.0002785716869867505,0.04811586021213537,0.07678236041297999,0.18184400704946568,2024-12-27T01:39:35Z,ls8,qg0651yd85t0,0.04853548942149898,0.5453877022429676,0.14745044087308773
0.05649509506267795,0.37806305576920485,0.731887413624688,0.014988732812478919,0.17872323199611384,0.3692803842988031,2024-12-28T01:33:56Z,ls9,qg0651yd85t0,0.015070403719941703,0.38012305331730434,0.056802926667836984
0.1463793103448276,0.6510344827586206,0.9998950833906154,0.03672413793103448,0.0,0.15517241379310345,2025-01-04T01:39:37Z,ls9,qg0651yd85t0,0.03719476557711223,0.6593776282590411,0.14825519237074314
0.09841832913460884,0.6011534009668413,0.9734325820339351,0.022691495880710833,0.14781779805269968,0.12180840198815279,2025-01-05T01:33:49Z,ls8,qg0651yd85t0,0.02294630749144835,0.607903985732428,0.09952350673527124
0.13789689910231684,0.7198884976700783,0.3932582033935096,0.03556041846168524,0.011540789281465869,0.0864113243435822,2025-01-12T01:39:38Z,ls8,qg0651yd85t0,0.03590681208213519,0.7269009231086849,0.13924015118413188
0.10948203155534528,0.6965877440190895,0.9120636011721718,0.02046674757780841,0.07068068212206612,0.09462489457552506,2025-01-13T01:33:31Z,ls9,qg0651yd85t0,0.020668753996716107,0.7034630521299329,0.11056261717575988
0.16149278246083718,0.6696805108353532,0.0,0.04480910603813176,0.003058861835678883,0.11349444665533084,2025-01-20T01:39:45Z,ls9,qg0651yd85t0,0.04519092679138945,0.6753868937493875,0.16286887096821343
0.153904468412943,0.661130970724191,0.9882601931912738,0.03335901386748844,0.0004622496147919877,0.1423728813559322,2025-01-21T01:33:47Z,ls8,qg0651yd85t0,0.03370386811394644,0.6679655199595129,0.15549548095581647
0.17532505011905536,0.6266233326819667,0.0002460113599362934,0.041142334498556137,0.004829160967207301,0.144556383032619,2025-01-28T01:39:35Z,ls8,qg0651yd85t0,0.04150948855202634,0.6322153171767032,0.1768896502714443
0.08954592302045719,0.7730782919468812,0.7560381317607902,0.02207537796495807,0.008030133390673775,0.10285688863843638,2025-01-29T01:33:28Z,ls9,qg0651yd85t0,0.02218550251300824,0.7769348464141792,0.08999262904370249
0.1672060927268028,0.6944972535772658,0.006110488043124307,0.03958619836124652,0.00039130608872274054,0.09004954117086061,2025-02-05T01:39:39Z,ls9,qg0651yd85t0,0.03994941387569288,0.7008694789407045,0.16874025992401934
0.08505259925353155,0.8328262649805509,0.7702724214029883,0.02310674183845415,0.0013858485960408825,0.052134679286287976,2025-02-06T01:33:49Z,ls8,qg0651yd85t0,0.023241648625105023,0.8376886517260503,0.08554917176651576
0.20081563443734837,0.6917000841625823,0.9269237726565609,0.032010495569087576,0.0004455666122085252,0.06354274964107134,2025-02-13T01:39:32Z,ls8,qg0651yd85t0,0.03240816473994648,0.700293134475043,0.2033103845317307
0.09689217162816034,0.8210132982984587,0.7177471871495242,0.022710609799083535,0.0024673951357067326,0.05062966642099529,2025-02-14T01:33:33Z,ls9,qg0651yd85t0,0.02286240222351127,0.8265007598919013,0.09753977632788532
0.16719027196169345,0.6166342897506596,0.1779620853080569,0.04247496363648367,0.040698531596099805,0.1251719152625545,2025-02-21T01:39:42Z,ls9,qg0651yd85t0,0.042877457085356306,0.6224775263476108,0.16877456970837865
0.12171831147259293,0.8262721948565208,0.7473463333453927,0.023667091471447396,0.005341084827309697,0.01618792599805258,2025-02-22T01:33:17Z,ls8,qg0651yd85t0,0.023833048241863285,0.8320661245883709,0.12257181634440349
0.1578794906117724,0.6805532723128687,0.0,0.03836955971202201,0.003171014073296914,0.11253572591440252,2025-03-01T01:39:23Z,ls8,qg0651yd85t0,0.03869736902720404,0.6863675611349495,0.159228329850147
0.08323398942625579,0.8130506228465414,0.7406497594153613,0.021665992439354412,0.005182250617266729,0.07246781145814443,2025-03-02T01:33:25Z,ls9,qg0651yd85t0,0.021769828004829916,0.8169472166176226,0.08363289330213634
0.15379773895169585,0.7331786776293251,0.3399750370825947,0.03295958890030833,0.0014224049331963001,0.06985131894484413,2025-03-09T01:39:36Z,ls9,qg0651yd85t0,0.0332745278796627,0.7401844247311892,0.15526732351110775
,,1.0,,,,2025-03-10T01:33:36Z,ls8,qg0651yd85t0,,,
0.18949383692240154,0.7002802144185076,0.3159816938605694,0.03624132924665268,0.009935499908763709,0.054702106897199176,2025-03-17T01:39:17Z,ls8,qg0651yd85t0,0.036607141919363304,0.7073487017562469,0.19140654951842692
0.10436762043040365,0.8266994601179898,0.7832187692196375,0.022859121669545485,0.0030123246635124874,0.037658230488730904,2025-03-18T01:33:18Z,ls9,qg0651yd85t0,0.022988600638042103,0.831382063189979,0.10495878101973544
0.17053740819796673,0.724714843891321,0.0,0.04010312579139683,0.0017835823595383669,0.05514453167396259,2025-03-25T01:39:25Z,ls9,qg0651yd85t0,0.04043396912832927,0.7306936067070842,0.17194431013108558
0.09746222589661828,0.8305339947246173,0.7702597590535798,0.022707294988386292,0.0006298964607692611,0.04352584543915594,2025-03-26T01:33:26Z,ls8,qg0651yd85t0,0.0228300802250804,0.8350249441387558,0.0979892337362386
0.16294027841288986,0.7493004698513563,0.0070963423899279565,0.03832327376538768,0.001198767710517638,0.04068340690512063,2025-04-02T01:39:12Z,ls8,qg0651yd85t0,0.038627815560810394,0.7552549014011398,0.1642351084224115
0.10011134885313251,0.8573529613146184,0.7886472993017619,0.022299811708319076,0.0008729887024991441,0.013488531324888737,2025-04-03T01:33:33Z,ls9,qg0651yd85t0,0.02243351437872233,0.8624933805210792,0.10071158507281064
0.18175499351393173,0.7597713186821523,0.046192250642162036,0.03912028432495584,0.0002825801655274956,0.009437039621911532,2025-04-10T01:39:25Z,ls9,qg0651yd85t0,0.03950459846878139,0.7672352435712736,0.18354053817250585
0.12255408498063233,0.8420839289285211,0.7557631778879201,0.02317199801509417,0.0,0.004806730904539361,2025-04-11T01:33:20Z,ls8,qg0651yd85t0,0.02334519409374396,0.8483779754880547,0.12347009951366188
0.08880632911392408,0.2131044303797468,0.9714192684779857,0.01342594936708861,0.5529746835443038,0.12753164556962027,2025-04-18T01:39:03Z,ls8,qg0651yd85t0,0.0136029384714477,0.21591370376791572,0.08997702864671253
0.1447257320604955,0.6742533519253461,0.7470333924242972,0.022778433265400983,0.08728234831420502,0.06305552576066359,2025-04-26T01:39:16Z,ls9,qg0651yd85t0,0.022992336435229813,0.6805849958783836,0.14608479361151797
0.18614097363083162,0.5494772590920779,0.24019391483665564,0.040414178784675604,0.04185593615785314,0.1745755125751126,2025-05-04T01:38:57Z,ls8,qg0651yd85t0,0.04080664551037976,0.5548132957804328,0.18794860997622181
0.12181587004165761,0.5645634316497415,0.8918761984009261,0.022088568417178323,0.08436919679453934,0.20154584846000703,2025-05-05T01:33:03Z,ls9,qg0651yd85t0,0.022263697542353335,0.569039570529513,0.12278168667358734
0.22241495419232643,0.6056474256287987,0.36876560182337836,0.045623927166228706,0.008697296817104589,0.10852564341369617,2025-05-12T01:39:08Z,ls9,qg0651yd85t0,0.046098646570078894,0.6119492195052961,0.22472919369382427
0.17392930801507717,0.6853632980110471,0.9236948735573967,0.030829955195220828,0.018111561529526112,0.08389635635208496,2025-05-13T01:33:09Z,ls8,qg0651yd85t0,0.031102521004956984,0.6914225543772317,0.17546700673620044
0.21017729754850706,0.6086918787033815,0.37722947794942296,0.044669251771813634,0.0049175090042988265,0.12251655629139073,2025-05-20T01:38:59Z,ls8,qg0651yd85t0,0.045136228058799154,0.6150551971419165,0.2123745095035948
0.14496006786394108,0.6334600264834892,0.9125719040555696,0.027462550691053546,0.021455764296946123,0.16577009020938507,2025-05-21T01:33:16Z,ls9,qg0651yd85t0,0.027697396523450022,0.6388770559824233,0.14619969298779556
0.19968909365693446,0.6033245238837363,0.3093828009116891,0.03764266462713502,0.009916524135185326,0.14095555898969844,2025-05-28T01:39:00Z,ls9,qg0651yd85t0,0.038022005043539864,0.6094044700932916,0.20170144173828478
0.12892717535165746,0.536394164178645,0.8824608371621866,0.021948197851580534,0.014758841454030594,0.29245283018867924,2025-05-29T01:33:14Z,ls8,qg0651yd85t0,0.022124442410143663,0.5407014222651989,0.12996246368194775
0.14470801962157354,0.6770993220026168,0.00029485185051192353,0.03330049198689241,0.02720132016784371,0.11112860237000527,2025-06-05T01:39:00Z,ls8,qg0651yd85t0,0.033556045661164935,0.6822954980727276,0.1458185337282585
0.07781988383240286,0.8201788332487453,0.7433812090734778,0.022419993796875887,0.014485704618507867,0.061375683753454015,2025-06-06T01:33:10Z,ls9,qg0651yd85t0,0.022510604896753193,0.8234936114262089,0.078134395305076
0.610078439259855,0.3179746580852776,0.9910061141058573,0.0546560740144811,0.0,0.0,2025-06-13T01:39:05Z,ls9,qg0651yd85t0,0.055617751016674086,0.3235694418577046,0.6208128071256214
0.07430495035610286,0.7859483563133706,0.7422036105784885,0.02201066554397783,0.008946426691927165,0.10490825527137494,2025-06-14T01:33:23Z,ls8,qg0651yd85t0,0.022107497113062157,0.7894059806368611,0.07463184028677482
0.08459291587519635,0.7775906877082744,0.7247874534206433,0.022041434702878216,0.008485438041842213,0.10285718041579303,2025-06-22T01:33:01Z,ls9,qg0651yd85t0,0.022151921513619912,0.7814885063532699,0.08501695367547486
0.17920675377271364,0.721243639648244,0.022718063745884698,0.03519883907963004,0.006548686653302755,0.04948534134427619,2025-06-29T01:39:15Z,ls9,qg0651yd85t0,0.035511712285980955,0.7276545843270287,0.18079967538941139
0.3511732128543321,0.5884085112584713,0.9751763684381897,0.025966625373460617,0.008234351089411935,0.014355461633753553,2025-06-30T01:33:31Z,ls8,qg0651yd85t0,0.026285627418580766,0.5956371563272062,0.3554874035310475
0.17011083201698735,0.7351536887899113,0.022036105784884796,0.03541182824736702,0.004193193967127727,0.04678916391374635,2025-07-07T01:39:18Z,ls8,qg0651yd85t0,0.03572583681967859,0.7416725434119871,0.17161926188746035
0.11051303457933859,0.8143815307551437,0.7313266524365978,0.023309544328342136,0.001211892707098998,0.04418022191102015,2025-07-08T01:33:29Z,ls9,qg0651yd85t0,0.023466967284508384,0.8198815245007439,0.11125939359662873
0.15589780270188439,0.7027957123767767,0.002313592127636488,0.033749240763605956,0.020072850431790204,0.07996504339659245,2025-07-15T01:39:19Z,ls9,qg0651yd85t0,0.034033597785935794,0.7087171758395383,0.1572113325461432
0.1307580729184285,0.7918515787266001,0.7326272566115553,0.022363117266201653,0.0041675405421861995,0.04395537484185672,2025-07-16T01:33:11Z,ls8,qg0651yd85t0,0.022526510357333353,0.7976371351687334,0.13171343908989047
0.1823101648325336,0.6695446561120211,0.05566911472088565,0.028550680496892026,0.025840684232202205,0.08535662634447222,2025-07-31T01:39:25Z,ls9,qg0651yd85t0,0.02882299300601475,0.675930682017618,0.1840490143996929
0.13237567015300492,0.7819812321559525,0.7459335769328173,0.02170298961218343,0.011363231828440831,0.04605099214683916,2025-08-01T01:33:40Z,ls8,qg0651yd85t0,0.021854295309749017,0.7874329334159546,0.13329854729901655
0.19551723003656712,0.6804306915223137,0.010142541876198452,0.03148242092201758,0.01579823578752698,0.06826409460301565,2025-08-08T01:39:32Z,ls8,qg0651yd85t0,0.03177757443523419,0.6868098549799362,0.1973502401942871
0.13058431453913583,0.779969980289434,0.7210086465757389,0.02115306810519218,0.003617926240987603,0.05853519373411484,2025-08-09T01:33:22Z,ls9,qg0651yd85t0,0.021292456960887007,0.7851096187800874,0.13144480428392305
0.1969249807023421,0.6774052471118299,0.02279042002821896,0.03172294301776494,0.008374350497296477,0.0768056036325874,2025-08-16T01:39:37Z,ls9,qg0651yd85t0,0.03202989087273979,0.683959748925651,0.1988304060717253
0.1949889429455993,0.7671826625386997,0.9959100611410586,0.02558602388323751,0.0,0.0,2025-08-17T01:33:24Z,ls8,qg0651yd85t0,0.02590313972023714,0.7766912041265918,0.19740565615317104
0.14871420570219498,0.7035728065574355,0.7965287073550161,0.019456006685454694,0.03496528364286159,0.08750655654632256,2025-08-25T01:33:29Z,ls9,qg0651yd85t0,0.01958512241900672,0.7082419208569201,0.1497011165348892
0.1978179798315704,0.736629946408766,0.010001447125646656,0.03166255246294932,0.0027773159068941386,0.022794089433226566,2025-09-01T01:39:41Z,ls9,qg0651yd85t0,0.031935163917513026,0.7429722576106397,0.19952117313172657
0.11610374008713441,0.840247945195064,0.7620907347780471,0.022238577869693816,0.0007451281544392151,0.015191490332342364,2025-09-02T01:33:28Z,ls8,qg0651yd85t0,0.022362955122821576,0.8449473343368502,0.11675309205354664
0.20267926858417645,0.7433856230217077,0.0010419304656126283,0.03051962538298289,0.0022073576172851133,0.01183715893699162,2025-09-09T01:39:40Z,ls8,qg0651yd85t0,0.030812481127431488,0.7505188937388442,0.20462410857944754
0.14407569829982073,0.8057925394720181,0.7285861582431894,0.021381204054837614,0.0012329798791013242,0.019701019041208186,2025-09-10T01:33:58Z,ls9,qg0651yd85t0,0.021553278746670745,0.8122775111581524,0.1452352111748674
0.2067931192336851,0.7364349314510806,0.000269527151694926,0.03164662158861239,0.0010440207646140289,0.014384688177957591,2025-09-17T01:39:45Z,ls9,qg0651yd85t0,0.03196139561452104,0.7437599025398124,0.20884999290309497
0.10843942611824459,0.8558394222213563,0.7214843891320863,0.021775552221551097,0.0001818547889510226,0.007839240366567296,2025-09-18T01:33:34Z,ls8,qg0651yd85t0,0.021906386131257328,0.8609815566917337,0.10909096202149064
0.18822312225723478,0.7501503749877898,3.6178141167297895e-06,0.030245867536874714,0.0013186980163453434,0.02153692535337127,2025-09-25T01:39:47Z,ls8,qg0651yd85t0,0.030512067437982997,0.756752597767303,0.18987971142499735
0.09550213156686561,0.8576956778382635,0.7241959408125611,0.021448678428543318,0.00026234669115235784,0.020056404538597757,2025-09-26T01:33:38Z,ls9,qg0651yd85t0,0.02155947651753378,0.862126302426928,0.09599546982578805
0.1934270282007437,0.7478206443557799,0.00031655873521219124,0.03143538799772006,0.0007798858218205177,0.01738910150277303,2025-10-03T01:39:47Z,ls9,qg0651yd85t0,0.031731033553785835,0.7548537959826682,0.19524618313895242
0.09501545073160751,0.8629847539138443,0.7348232697803987,0.021309662676080355,8.867969576042839e-05,0.015327944336437123,2025-10-04T01:33:59Z,ls8,qg0651yd85t0,0.02142441357783402,0.8676318607318437,0.0955271016581246
0.24015044953924258,0.7084342029793171,0.0002586737093448477,0.03126442750467271,0.0006043312821050993,0.008657859834948803,2025-10-11T01:39:49Z,ls8,qg0651yd85t0,0.03161185843152982,0.7163067908180547,0.2428191596333615
0.151692852052047,0.8133824243609231,0.7131995948048189,0.021617165671180515,0.0003784319043324146,0.00519082428775962,2025-10-12T01:34:07Z,ls9,qg0651yd85t0,0.021786701935208954,0.8197615130698738,0.15288252880282513
0.08513268286619849,0.2605400534460257,0.9708928765240042,0.008706730470449321,0.4104157603629358,0.2309365483810826,2025-10-20T01:34:00Z,ls8,qg0651yd85t0,0.008811596252922152,0.2636780553243267,0.08615803967873278
0.22345535617379975,0.7263727072103036,0.0,0.03126599978293115,0.0018070981512969863,0.006446944755978437,2025-10-27T01:39:48Z,ls8,qg0651yd85t0,0.031605459703923186,0.7342590509546988,0.22588144643410274
0.14419487414933244,0.8221087669670692,0.7557233819326363,0.021846698410112483,0.00039987855540169284,0.0030657355914129785,2025-10-28T01:33:38Z,ls9,qg0651yd85t0,0.02203205859694697,0.8290840193270667,0.14541830792917187
0.2646191827727401,0.6453041655545936,0.4442422488332549,0.031274793805373104,0.007534973342794092,0.03956267860978928,2025-11-04T01:39:52Z,ls9,qg0651yd85t0,0.03166370939099967,0.6533288019124139,0.26790983674400315
0.15161807235250813,0.7995038910505836,0.724785644513585,0.02187651172573351,0.0012751077926175202,0.018410190345988012,2025-11-13T01:33:45Z,ls9,qg0651yd85t0,0.022041006865237182,0.8055155672145395,0.1527581277816178
0.19597128329473065,0.7190641647365372,0.0003256032705040157,0.03297256803705847,0.010364794441227562,0.033048639258830344,2025-11-20T01:39:51Z,ls9,qg0651yd85t0,0.033270937698893575,0.7255709958523013,0.19774463274874715
0.09104827901807602,0.7569939746565117,0.8339803190912051,0.019750487584305778,0.03097658505758398,0.09638370433323527,2025-11-21T01:33:40Z,ls8,qg0651yd85t0,0.019860801952498678,0.7612220886047679,0.09155682005191415
0.20908438945669708,0.697080688542227,0.15931044462935495,0.0311231414739107,0.006080688542227004,0.04723830016137708,2025-11-28T01:39:50Z,ls8,qg0651yd85t0,0.031435033998201786,0.7040663026315457,0.2111796746666485
0.0979524850223028,0.8717385159497824,0.737619840092616,0.021600838337389437,0.00024129776834035395,0.0039917545105447125,2025-11-29T01:34:07Z,ls9,qg0651yd85t0,0.02169835360938993,0.8756739103621839,0.09839468374954112
0.09046143781050452,0.8797492793228701,0.7345664049781122,0.021525586593701653,4.7704396300864815e-05,0.0034551612749340655,2025-12-07T01:34:01Z,ls8,qg0651yd85t0,0.021628920182468613,0.8839725161601965,0.09089569798610009
0.17036339691900232,0.6189128287588881,0.005540682319742363,0.028674523471279134,0.12671234745533028,0.04835954794572875,2025-12-14T01:39:48Z,ls8,qg0651yd85t0,0.028919125414391293,0.6241923334273125,0.1718166457572372
0.07124386981720911,0.7290523978162671,0.7849589378097753,0.018195560191455174,0.04894893126624551,0.12877800116084423,2025-12-15T01:34:07Z,ls9,qg0651yd85t0,0.018279619400226394,0.7324204484323714,0.07157299974031237
0.1668165415141909,0.6360811053292661,0.001977135414782394,0.030107154444136322,0.01444373757311134,0.14507537242150556,2025-12-22T01:39:57Z,ls9,qg0651yd85t0,0.030377361479337853,0.6417898344599996,0.1683136940660456
0.08113917548598505,0.7687931629987159,0.7957472595058066,0.02010689456670947,0.003214807598636142,0.12169330912633397,2025-12-23T01:34:01Z,ls8,qg0651yd85t0,0.02022366298526971,0.7732578386126179,0.08161038167714234
0.17209638840093838,0.7304103185264278,0.05467602474584854,0.030382648863171036,0.003511330019097043,0.05535272123292652,2025-12-30T01:39:46Z,ls8,qg0651yd85t0,0.03065122662814195,0.7368670291228272,0.1736176929970073
0.08849616624497501,0.8457634117208872,0.7183133750587896,0.020759044964744868,3.8530201256084564e-05,0.040334699014911185,2025-12-31T01:33:46Z,ls9,qg0651yd85t0,0.020859211334480942,0.849844382244895,0.08892317720445671
0.18140997103725154,0.7291265620254663,0.023182952859882033,0.031087306760690662,0.0007407352538129347,0.048138532307168094,2026-01-07T01:39:51Z,ls9,qg0651yd85t0,0.03140084259265323,0.7364802805379921,0.18323960930837352
0.08238031618793144,0.8597810435686186,0.7806573568250064,0.02095862506906818,3.2987786272132744e-05,0.030901308790420346,2026-01-08T01:33:51Z,ls8,qg0651yd85t0,0.02108801090761219,0.8650888102241016,0.0828888822915938
0.1235111546956702,0.21485006386067818,0.0057631778879201345,0.026093946153258357,0.5110273381923244,0.11923025140366135,2026-02-08T01:39:47Z,ls9,qg0651yd85t0,0.026472497804622245,0.2179669495165467,0.1253029630828454
0.03947124147966608,0.13767902274641955,0.763811005390543,0.0065572489852186566,0.7512139082484491,0.06293176074136478,2026-02-09T01:33:47Z,ls8,qg0651yd85t0,0.00663387741803063,0.13928794864932856,0.03993250494282691
0.12566020459597554,0.3300968766658327,0.0023407257335118503,0.03549167219677766,0.3574609356585184,0.1458915808139598,2026-02-16T01:39:33Z,ls8,qg0651yd85t0,0.03588171890231442,0.33372457835702474,0.12704118626818273
0.04366571661782613,0.16813696760467267,0.8648149488079302,0.006653687126169162,0.6726078171624316,0.10653927983621693,2026-02-17T01:33:55Z,ls9,qg0651yd85t0,0.006726680061584478,0.1699814803664804,0.044144742573286634
0.13085428984651928,0.3340177488278559,0.006920878405267561,0.04256771476555298,0.3533280873743611,0.13353697854621363,2026-02-24T01:39:41Z,ls9,qg0651yd85t0,0.0430454676876624,0.3377665513280092,0.13232291506375357
0.04419107104927783,0.2434329864061173,0.7274772982164177,0.011385341440101955,0.5514748831775701,0.14724272514868308,2026-02-25T01:33:46Z,ls8,qg0651yd85t0,0.011471889886294122,0.2452835015475569,0.044527000239895795
0.12715338424936848,0.4020184150821287,0.016131833146412977,0.044918753746079246,0.18115028074910552,0.23924898235343867,2026-03-04T01:39:29Z,ls8,qg0651yd85t0,0.0453498888497209,0.4058770317310248,0.12837381631671013
0.04474498969129419,0.3010497525216413,0.7394215115227379,0.012712890394507577,0.18378652301583445,0.45561008795373925,2026-03-05T01:33:52Z,ls9,qg0651yd85t0,0.012787207143373409,0.3028096228705541,0.045006559016498845
,,1.0,,,,2026-03-12T01:39:34Z,ls9,qg0651yd85t0,,,
0.05698505501724422,0.7917321399244539,0.7797112984334865,0.02486639842338643,0.044251929709311875,0.078838889801281,2026-03-13T01:33:10Z,ls8,qg0651yd85t0,0.024961060657262116,0.7947461322091564,0.05720198762298852
